Right motor forward 0, Left motor forward 0
-------------------------------------------------------------

NORTH:
     0,   317,   648
     1,   320,   651
     2,   320,   653
     3,   316,   647
     4,   320,   648
     5,   321,   644
     6,   316,   649
     7,   318,   650
     8,   320,   646
     9,   265,   638
    10,   288,   642
    11,   278,   641
    12,   268,   647
    13,   288,   640
    14,   278,   645
    15,   284,   643
    16,   278,   642
    17,   280,   646
    18,   285,   649
    19,   283,   649
    20,   322,   648
    21,   321,   647
    22,   321,   651
    23,   323,   647
    24,   317,   649
    25,   321,   652
    26,   320,   646
    27,   318,   658
    28,   318,   650
    29,   318,   653
    30,   319,   646
    31,   320,   649
    32,   315,   653
    33,   317,   647
    34,   320,   649
    35,   323,   649
    36,   323,   648
    37,   321,   655
    38,   316,   648
    39,   319,   649
    40,   322,   647
    41,   318,   649
    42,   321,   647
    43,   317,   653
    44,   313,   649
    45,   318,   653
    46,   316,   647
    47,   319,   649
    48,   319,   649
    49,   325,   647
    50,   312,   649
    51,   308,   648
    52,   321,   649
    53,   316,   659
    54,   316,   649
    55,   316,   658
    56,   319,   650
    57,   317,   649
    58,   324,   647
    59,   320,   652
    60,   316,   651
    61,   319,   647
    62,   299,   640
    63,   290,   638
    64,   300,   640
    65,   293,   644
    66,   298,   638
    67,   301,   639
    68,   299,   639
    69,   296,   638
    70,   294,   641
    71,   304,   636
    72,   299,   642
    73,   301,   641
    74,   296,   640
    75,   304,   639
    76,   299,   637
    77,   296,   637
    78,   299,   637
    79,   301,   640
    80,   300,   635
    81,   299,   639
    82,   301,   636
    83,   304,   636
    84,   294,   643
    85,   300,   638
    86,   295,   638
    87,   295,   639
    88,   296,   639
    89,   296,   645
    90,   296,   636
    91,   297,   640
    92,   304,   640
    93,   293,   640
    94,   299,   638
    95,   304,   639
    96,   298,   640
    97,   311,   648
    98,   308,   648
    99,   311,   646
   100,   311,   646
   101,   301,   645
   102,   305,   648
   103,   305,   654
   104,   310,   647
   105,   311,   647
   106,   306,   653
   107,   312,   644
   108,   311,   644
   109,   312,   646
   110,   307,   648
   111,   315,   646
   112,   310,   647
   113,   308,   650
   114,   312,   647
   115,   309,   653
   116,   309,   649
   117,   303,   640
   118,   303,   639
   119,   304,   641
   120,   307,   643
   121,   309,   637
   122,   302,   642
   123,   297,   638
   124,   307,   638
   125,   298,   648
   126,   305,   641
   127,   303,   637
   128,   301,   633
   129,   301,   636
   130,   298,   642
   131,   298,   637
   132,   297,   639
   133,   308,   639
   134,   294,   637
   135,   292,   635
   136,   300,   638
   137,   299,   635
   138,   296,   637
   139,   301,   636
   140,   297,   637
   141,   300,   636
   142,   300,   642
   143,   271,   637
   144,   271,   638
   145,   270,   635
   146,   271,   634
   147,   259,   636
   148,   273,   635
   149,   262,   634
   150,   270,   636
   151,   273,   634
   152,   266,   634
   153,   270,   638
   154,   272,   636
   155,   275,   638
   156,   275,   634
   157,   267,   634
   158,   278,   655
   159,   280,   649
   160,   275,   655
   161,   281,   648
   162,   276,   649
   163,   275,   651
   164,   280,   648
   165,   279,   651
   166,   273,   647
   167,   273,   658
   168,   277,   652
   169,   277,   655
   170,   280,   654
   171,   279,   656
   172,   280,   647
   173,   279,   648
   174,   275,   658
   175,   274,   653
   176,   276,   658
   177,   276,   648
   178,   275,   648
   179,   273,   652
   180,   275,   649
   181,   267,   648
   182,   273,   650
   183,   273,   651
   184,   279,   649
   185,   274,   653
   186,   278,   651
   187,   280,   652
   188,   277,   655
   189,   276,   651
   190,   273,   653
   191,   280,   650
   192,   274,   654
   193,   307,   643
   194,   307,   646
   195,   307,   641
   196,   308,   644
   197,   303,   651
   198,   309,   642
   199,   306,   644
   200,   309,   640
SOUTH:
     0,   -78,   707
     1,   -78,   706
     2,   -75,   703
     3,   -72,   703
     4,   -84,   706
     5,   -72,   702
     6,   -77,   705
     7,   -80,   703
     8,   -79,   699
     9,   -81,   713
    10,   -57,   695
    11,   -57,   698
    12,   -59,   697
    13,   -51,   693
    14,   -57,   694
    15,   -64,   695
    16,   -50,   691
    17,   -55,   699
    18,   -60,   692
    19,   -61,   696
    20,   -58,   704
    21,   -54,   696
    22,   -60,   700
    23,   -61,   696
    24,   -59,   700
    25,   -59,   709
    26,   -57,   697
    27,   -53,   699
    28,   -55,   698
    29,   -54,   698
    30,   -50,   698
    31,   -66,   700
    32,   -56,   695
    33,   -56,   697
    34,   -53,   696
    35,   -41,   702
    36,   -43,   703
    37,   -46,   702
    38,   -41,   707
    39,   -39,   701
    40,   -43,   700
    41,   -41,   709
    42,   -42,   701
    43,   -47,   702
    44,   -46,   702
    45,   -38,   699
    46,   -46,   708
    47,   -42,   703
    48,   -46,   705
    49,   -36,   699
    50,   -45,   704
    51,   -46,   703
    52,   -48,   700
    53,   -38,   704
    54,   -41,   703
    55,   -38,   698
    56,   -43,   702
    57,   -34,   699
    58,   -42,   702
    59,   -41,   707
    60,   -47,   699
    61,   -38,   704
    62,   -94,   694
    63,   -80,   693
    64,   -87,   696
    65,   -88,   694
    66,   -84,   695
    67,   -90,   695
    68,   -90,   697
    69,   -86,   696
    70,   -81,   697
    71,   -86,   698
    72,   -86,   695
    73,   -84,   692
    74,   -85,   706
    75,   -88,   696
    76,   -92,   697
    77,   -87,   678
    78,   -83,   674
    79,   -86,   677
    80,   -97,   676
    81,   -88,   677
    82,   -85,   679
    83,   -82,   675
    84,   -87,   674
    85,   -87,   676
    86,   -85,   675
    87,   -86,   673
    88,   -86,   673
    89,   -89,   677
    90,   -90,   678
    91,   -86,   678
    92,   -92,   677
    93,   -81,   676
    94,   -90,   677
    95,   -83,   677
    96,   -84,   675
    97,   -86,   677
    98,   -86,   677
    99,   -87,   681
   100,   -81,   672
   101,   -90,   678
   102,   -87,   675
   103,   -88,   678
   104,   -88,   677
   105,  -100,   678
   106,   -86,   678
   107,   -88,   682
   108,   -81,   678
   109,   -89,   674
   110,   -85,   677
   111,   -89,   677
   112,   -88,   678
   113,   -83,   678
   114,   -92,   675
   115,   -88,   676
   116,   -83,   674
   117,   -93,   676
   118,   -81,   676
   119,   -83,   680
   120,   -83,   671
   121,   -84,   674
   122,   -87,   676
   123,   -96,   678
   124,   -89,   675
   125,   -88,   684
   126,   -87,   674
   127,   -88,   677
   128,   -86,   705
   129,   -46,   704
   130,   -35,   703
   131,   -30,   699
   132,   -36,   699
   133,   -36,   697
   134,   -35,   698
   135,   -37,   699
   136,   -46,   699
   137,   -41,   694
   138,   -37,   699
   139,   -33,   699
   140,   -35,   702
   141,   -33,   698
   142,   -37,   702
   143,   -40,   701
   144,   -33,   695
   145,   -39,   699
   146,   -42,   697
   147,   -36,   700
   148,   -36,   705
   149,   -33,   698
   150,   -32,   708
   151,   -40,   703
   152,   -41,   702
   153,   -40,   699
   154,   -84,   700
   155,   -89,   708
   156,   -83,   700
   157,   -83,   706
   158,   -86,   699
   159,   -86,   697
   160,   -83,   697
   161,   -83,   701
   162,   -81,   699
   163,   -78,   698
   164,   -62,   687
   165,   -63,   689
   166,   -61,   691
   167,   -56,   691
   168,   -58,   691
   169,   -63,   693
   170,   -61,   692
   171,   -59,   692
   172,   -56,   692
   173,   -60,   701
   174,   -41,   706
   175,   -39,   690
   176,   -47,   688
   177,   -82,   705
   178,   -82,   704
   179,   -71,   700
   180,   -79,   698
   181,   -79,   698
   182,   -77,   700
   183,   -79,   704
   184,   -79,   703
   185,   -39,   675
   186,   -45,   678
   187,   -43,   681
   188,   -37,   688
   189,   -45,   678
   190,   -35,   679
   191,   -38,   682
   192,   -36,   676
   193,   -36,   700
   194,   -36,   701
   195,   -38,   702
   196,   -35,   700
   197,   -33,   701
   198,   -37,   701
   199,   -47,   701
   200,   -38,   702
EAST:
     0,   152,   875
     1,   161,   878
     2,   121,   871
     3,   128,   857
     4,   135,   861
     5,   129,   856
     6,   137,   854
     7,   131,   856
     8,   131,   862
     9,   138,   857
    10,   160,   867
    11,   160,   870
    12,   164,   863
    13,   158,   869
    14,   156,   872
    15,   155,   866
    16,   162,   864
    17,   160,   875
    18,   160,   867
    19,   156,   869
    20,   158,   876
    21,   165,   866
    22,   151,   873
    23,   157,   871
    24,   154,   871
    25,   153,   867
    26,   153,   870
    27,   156,   866
    28,   151,   870
    29,   153,   875
    30,   161,   866
    31,   158,   866
    32,   155,   868
    33,   150,   868
    34,   154,   866
    35,   161,   866
    36,   149,   872
    37,   160,   865
    38,   155,   868
    39,   151,   878
    40,   154,   869
    41,   152,   867
    42,   152,   869
    43,   167,   865
    44,   152,   871
    45,   152,   874
    46,   151,   867
    47,   157,   865
    48,   153,   868
    49,   160,   867
    50,   154,   870
    51,   152,   864
    52,   149,   869
    53,   154,   868
    54,   150,   870
    55,   152,   869
    56,   153,   869
    57,   152,   867
    58,   150,   867
    59,   155,   870
    60,   153,   870
    61,   168,   879
    62,   134,   848
    63,   121,   847
    64,   136,   850
    65,   130,   854
    66,   129,   849
    67,   132,   850
    68,   134,   850
    69,   128,   848
    70,   132,   848
    71,   135,   855
    72,   135,   849
    73,   129,   852
    74,   136,   846
    75,   131,   850
    76,   131,   850
    77,   134,   853
    78,   132,   848
    79,   131,   852
    80,   132,   849
    81,   136,   849
    82,   135,   850
    83,   130,   846
    84,   133,   850
    85,   137,   847
    86,   127,   848
    87,   133,   845
    88,   131,   854
    89,   129,   847
    90,   137,   844
    91,   135,   847
    92,   125,   848
    93,   135,   848
    94,   132,   847
    95,   141,   848
    96,   133,   847
    97,   132,   856
    98,   138,   848
    99,   130,   848
   100,   130,   855
   101,   131,   846
   102,   131,   846
   103,   134,   855
   104,   135,   848
   105,   132,   851
   106,   124,   847
   107,   131,   847
   108,   135,   853
   109,   135,   850
   110,   132,   848
   111,   135,   844
   112,   128,   846
   113,   132,   846
   114,   128,   844
   115,   137,   848
   116,   130,   848
   117,   130,   855
   118,   133,   847
   119,   131,   850
   120,   132,   843
   121,   129,   848
   122,   133,   853
   123,   130,   847
   124,   134,   847
   125,   134,   857
   126,   139,   847
   127,   121,   882
   128,   121,   878
   129,   123,   877
   130,   118,   885
   131,   126,   880
   132,   125,   879
   133,   112,   880
   134,   122,   875
   135,   121,   879
   136,   115,   880
   137,   122,   878
   138,   121,   887
   139,   120,   882
   140,   120,   880
   141,   126,   881
   142,   121,   882
   143,   123,   882
   144,   122,   878
   145,   122,   879
   146,   123,   877
   147,   122,   878
   148,   168,   875
   149,   164,   877
   150,   167,   877
   151,   162,   881
   152,   170,   879
   153,   166,   878
   154,   167,   879
   155,   169,   888
   156,   169,   877
   157,   163,   876
   158,   167,   885
   159,   169,   876
   160,   165,   879
   161,   165,   879
   162,   168,   879
   163,   167,   886
   164,   170,   878
   165,   164,   879
   166,   166,   880
   167,   168,   881
   168,   166,   883
   169,   163,   875
   170,   165,   879
   171,   167,   884
   172,   172,   877
   173,   165,   861
   174,   160,   855
   175,   170,   856
   176,   168,   867
   177,   170,   858
   178,   164,   856
   179,   164,   854
   180,   173,   877
   181,   167,   877
   182,   171,   877
   183,   174,   874
   184,   169,   880
   185,   174,   873
   186,   173,   879
   187,   173,   876
   188,   170,   878
   189,   173,   876
   190,   174,   879
   191,   165,   879
   192,   177,   876
   193,   156,   870
   194,   157,   874
   195,   161,   871
   196,   153,   873
   197,   153,   874
   198,   154,   872
   199,   157,   872
   200,   157,   874
WEST:
     0,   144,   481
     1,   146,   482
     2,   144,   479
     3,   144,   483
     4,   150,   480
     5,   147,   480
     6,   141,   480
     7,   142,   480
     8,   144,   482
     9,   211,   468
    10,   147,   467
    11,   147,   471
    12,   144,   465
    13,   143,   472
    14,   143,   469
    15,   148,   468
    16,   143,   470
    17,   144,   465
    18,   139,   470
    19,   142,   469
    20,   142,   472
    21,   141,   474
    22,   142,   469
    23,   148,   470
    24,   137,   471
    25,   140,   473
    26,   140,   470
    27,   141,   470
    28,   141,   476
    29,   149,   469
    30,   145,   469
    31,   143,   471
    32,   148,   469
    33,   113,   479
    34,   108,   483
    35,    99,   482
    36,   106,   480
    37,   111,   485
    38,   104,   487
    39,   108,   483
    40,   106,   483
    41,   110,   482
    42,   105,   484
    43,   103,   483
    44,   106,   485
    45,   108,   484
    46,   109,   482
    47,   113,   482
    48,   110,   481
    49,   113,   482
    50,   108,   485
    51,   114,   479
    52,   106,   483
    53,    99,   488
    54,   118,   483
    55,   108,   479
    56,   106,   482
    57,   108,   477
    58,   109,   482
    59,   104,   487
    60,   112,   483
    61,   106,   479
    62,   102,   482
    63,   107,   483
    64,   105,   484
    65,   107,   482
    66,   107,   484
    67,   109,   484
    68,    95,   485
    69,   108,   482
    70,   108,   484
    71,   107,   485
    72,   104,   481
    73,   105,   489
    74,   106,   482
    75,   105,   481
    76,   114,   480
    77,   109,   484
    78,   104,   483
    79,   107,   481
    80,   107,   479
    81,   105,   486
    82,   105,   485
    83,   109,   480
    84,   105,   483
    85,   103,   483
    86,   108,   480
    87,   103,   484
    88,   108,   481
    89,   108,   481
    90,   106,   483
    91,   108,   486
    92,   109,   483
    93,   107,   484
    94,   105,   485
    95,   104,   481
    96,   102,   482
    97,   110,   478
    98,   105,   486
    99,   107,   482
   100,   108,   483
   101,   110,   477
   102,   106,   484
   103,   102,   484
   104,   106,   480
   105,   108,   483
   106,   103,   480
   107,   103,   485
   108,   109,   486
   109,   103,   481
   110,   103,   485
   111,   111,   489
   112,   113,   481
   113,   109,   480
   114,   104,   482
   115,   101,   482
   116,   107,   483
   117,   143,   498
   118,   142,   483
   119,   147,   480
   120,   146,   481
   121,   133,   480
   122,   145,   483
   123,   139,   487
   124,   144,   487
   125,   145,   484
   126,   145,   482
   127,   147,   480
   128,   150,   481
   129,   144,   487
   130,   148,   481
   131,   146,   483
   132,   144,   487
   133,   156,   482
   134,   141,   485
   135,   139,   485
   136,   144,   485
   137,   143,   485
   138,   149,   482
   139,   147,   477
   140,   143,   485
   141,   151,   482
   142,   143,   484
   143,   138,   481
   144,   147,   480
   145,   147,   488
   146,   147,   481
   147,   144,   481
   148,   143,   482
   149,   138,   481
   150,   149,   482
   151,   147,   489
   152,   144,   480
   153,   146,   480
   154,   146,   484
   155,   147,   481
   156,   145,   483
   157,   143,   486
   158,   143,   480
   159,   148,   481
   160,   146,   484
   161,   144,   480
   162,   144,   482
   163,   141,   484
   164,   144,   479
   165,   143,   482
   166,   144,   479
   167,   150,   481
   168,   147,   480
   169,   139,   480
   170,   149,   479
   171,   146,   480
   172,   136,   484
   173,   146,   478
   174,   146,   481
   175,   144,   480
   176,   142,   482
   177,   141,   484
   178,   138,   481
   179,   142,   483
   180,   150,   489
   181,   141,   479
   182,   144,   480
   183,   147,   489
   184,   145,   480
   185,   146,   481
   186,   139,   482
   187,   146,   481
   188,   141,   483
   189,   149,   484
   190,   148,   480
   191,   146,   478
   192,   147,   481
   193,   122,   477
   194,   124,   474
   195,   124,   477
   196,   115,   479
   197,   124,   478
   198,   125,   485
   199,   129,   474
   200,   126,   476