Right motor forward 100, Left motor forward 100
-------------------------------------------------------------

NORTH:
     0,   293,   742
     1,   279,   697
     2,   289,   699
     3,   342,   689
     4,   297,   749
     5,   261,   746
     6,   271,   702
     7,   342,   689
     8,   283,   747
     9,   273,   663
    10,   314,   699
    11,   361,   692
    12,   279,   735
    13,   294,   703
    14,   356,   654
    15,   276,   740
    16,   279,   676
    17,   306,   700
    18,   336,   745
    19,   282,   714
    20,   323,   694
    21,   356,   681
    22,   268,   732
    23,   310,   689
    24,   353,   683
    25,   282,   724
    26,   299,   688
    27,   311,   683
    28,   306,   739
    29,   295,   691
    30,   325,   686
    31,   295,   741
    32,   285,   677
    33,   310,   692
    34,   343,   681
    35,   274,   715
    36,   301,   692
    37,   366,   675
    38,   265,   736
    39,   280,   714
    40,   308,   691
    41,   366,   677
    42,   269,   734
    43,   287,   693
    44,   357,   670
    45,   286,   724
    46,   307,   695
    47,   357,   695
    48,   283,   730
    49,   299,   693
    50,   311,   684
    51,   351,   702
    52,   275,   702
    53,   307,   697
    54,   357,   688
    55,   274,   732
    56,   297,   690
    57,   321,   688
    58,   329,   738
    59,   279,   722
    60,   298,   694
    61,   270,   691
    62,   325,   676
    63,   258,   739
    64,   237,   700
    65,   256,   700
    66,   319,   687
    67,   241,   742
    68,   242,   700
    69,   275,   690
    70,   306,   676
    71,   239,   735
    72,   255,   703
    73,   280,   694
    74,   315,   696
    75,   239,   746
    76,   251,   698
    77,   267,   694
    78,   297,   672
    79,   236,   734
    80,   253,   696
    81,   297,   690
    82,   248,   744
    83,   243,   692
    84,   274,   698
    85,   325,   693
    86,   291,   745
    87,   271,   721
    88,   277,   697
    89,   352,   688
    90,   307,   745
    91,   266,   703
    92,   287,   696
    93,   349,   690
    94,   316,   735
    95,   265,   711
    96,   289,   697
    97,   322,   699
    98,   307,   739
    99,   268,   711
   100,   294,   706
   101,   343,   681
   102,   262,   718
   103,   279,   697
   104,   347,   680
   105,   263,   744
   106,   279,   692
   107,   307,   698
   108,   311,   694
   109,   343,   677
   110,   263,   727
   111,   304,   697
   112,   346,   680
   113,   265,   739
   114,   285,   699
   115,   298,   703
   116,   341,   668
   117,   273,   738
   118,   286,   700
   119,   303,   694
   120,   357,   674
   121,   265,   737
   122,   271,   700
   123,   291,   691
   124,   325,   706
   125,   263,   717
   126,   294,   701
   127,   346,   689
   128,   270,   737
   129,   286,   704
   130,   354,   688
   131,   341,   663
   132,   273,   726
   133,   294,   699
   134,   352,   679
   135,   258,   740
   136,   280,   705
   137,   348,   693
   138,   286,   749
   139,   272,   698
   140,   303,   693
   141,   316,   755
   142,   268,   736
   143,   287,   697
   144,   349,   690
   145,   282,   738
   146,   312,   765
   147,   278,   693
   148,   289,   738
   149,   257,   679
   150,   276,   685
   151,   319,   666
   152,   251,   728
   153,   277,   694
   154,   273,   689
   155,   308,   724
   156,   279,   665
   157,   306,   685
   158,   333,   724
   159,   286,   687
   160,   315,   691
   161,   344,   684
   162,   286,   691
   163,   318,   690
   164,   325,   737
   165,   276,   730
   166,   289,   691
   167,   357,   685
   168,   278,   738
   169,   260,   678
   170,   273,   663
   171,   284,   717
   172,   253,   665
   173,   279,   669
   174,   327,   665
   175,   247,   710
   176,   254,   664
   177,   266,   679
   178,   326,   659
   179,   238,   714
   180,   249,   650
   181,   286,   667
   182,   326,   667
   183,   254,   717
   184,   266,   674
   185,   277,   671
   186,   308,   716
   187,   254,   667
   188,   261,   673
   189,   319,   655
   190,   288,   735
   191,   323,   681
   192,   370,   672
   193,   289,   731
   194,   304,   702
   195,   368,   695
   196,   322,   737
   197,   287,   660
   198,   314,   692
   199,   335,   732
   200,   282,   725

SOUTH:
     0,   -61,   632
     1,    -1,   612
     2,  -103,   661
     3,   -84,   609
     4,   -57,   625
     5,    -4,   584
     6,   -92,   657
     7,   -62,   631
     8,   -19,   624
     9,   -87,   669
    10,   -74,   643
    11,    -7,   632
    12,   -51,   679
    13,   -91,   619
    14,   -56,   628
    15,    -6,   621
    16,  -108,   670
    17,   -90,   632
    18,   -64,   633
    19,   -42,   675
    20,   -77,   619
    21,   -43,   633
    22,   -14,   611
    23,   -89,   665
    24,   -69,   632
    25,    -4,   617
    26,   -12,   622
    27,   -91,   658
    28,   -72,   633
    29,   -14,   606
    30,   -89,   676
    31,   -80,   638
    32,   -52,   628
    33,   -48,   686
    34,   -90,   596
    35,   -60,   619
    36,   -39,   682
    37,   -89,   645
    38,   -74,   629
    39,   -39,   634
    40,   -51,   676
    41,   -88,   632
    42,   -69,   635
    43,   -26,   612
    44,   -90,   657
    45,   -56,   627
    46,     0,   614
    47,   -99,   668
    48,   -72,   633
    49,   -64,   631
    50,   -33,   640
    51,   -86,   667
    52,   -65,   637
    53,    -5,   626
    54,   -81,   677
    55,   -71,   631
    56,   -51,   625
    57,   -48,   671
    58,   -83,   630
    59,   -53,   631
    60,   -20,   609
    61,   -62,   675
    62,  -104,   651
    63,   -42,   616
    64,    -1,   600
    65,   -77,   656
    66,   -68,   616
    67,   -43,   613
    68,   -12,   577
    69,   -73,   626
    70,   -51,   610
    71,    -4,   590
    72,   -35,   665
    73,   -68,   624
    74,   -43,   614
    75,    -1,   599
    76,   -78,   658
    77,   -66,   615
    78,   -34,   603
    79,   -30,   660
    80,   -78,   615
    81,   -46,   614
    82,     1,   593
    83,   -31,   660
    84,   -68,   617
    85,   -55,   618
    86,     4,   603
    87,   -73,   660
    88,   -65,   613
    89,   -38,   609
    90,     6,   591
    91,   -82,   647
    92,   -75,   617
    93,     6,   602
    94,   -62,   664
    95,   -80,   638
    96,   -48,   621
    97,     7,   598
    98,   -86,   676
    99,   -74,   633
   100,   -51,   622
   101,   -30,   677
   102,   -89,   645
   103,   -64,   635
   104,    -6,   623
   105,   -47,   683
   106,   -92,   671
   107,   -87,   635
   108,   -47,   629
   109,   -30,   685
   110,   -77,   651
   111,   -65,   633
   112,     6,   613
   113,   -92,   670
   114,   -77,   635
   115,   -52,   627
   116,   -17,   597
   117,   -85,   654
   118,   -81,   639
   119,   -50,   634
   120,    -7,   622
   121,   -81,   676
   122,   -67,   630
   123,     0,   620
   124,   -69,   674
   125,   -84,   615
   126,   -51,   634
   127,   -13,   619
   128,   -98,   682
   129,   -90,   662
   130,   -71,   639
   131,   -54,   627
   132,   -10,   612
   133,   -88,   674
   134,   -63,   630
   135,    -2,   621
   136,   -75,   671
   137,   -75,   632
   138,   -68,   630
   139,   -10,   617
   140,   -88,   673
   141,   -82,   643
   142,   -48,   632
   143,    -9,   616
   144,   -79,   682
   145,   -75,   619
   146,   -57,   627
   147,   -10,   612
   148,   -86,   664
   149,   -78,   632
   150,   -30,   617
   151,   -22,   669
   152,   -61,   668
   153,   -46,   628
   154,    19,   614
   155,   -69,   680
   156,   -37,   635
   157,    16,   626
   158,   -66,   674
   159,   -48,   639
   160,    13,   635
   161,   -71,   689
   162,   -50,   642
   163,    16,   637
   164,    12,   630
   165,   -62,   656
   166,   -38,   616
   167,    19,   607
   168,   -77,   672
   169,   -57,   622
   170,   -32,   616
   171,   -20,   665
   172,   -65,   641
   173,   -36,   626
   174,    14,   611
   175,   -36,   670
   176,   -60,   611
   177,   -29,   615
   178,    15,   607
   179,   -60,   649
   180,   -47,   622
   181,    22,   607
   182,   -61,   665
   183,   -54,   619
   184,   -31,   614
   185,     4,   605
   186,   -65,   657
   187,   -60,   617
   188,   -33,   620
   189,    17,   605
   190,   -75,   659
   191,   -56,   622
   192,   -32,   620
   193,     7,   591
   194,   -66,   661
   195,   -62,   626
   196,   -32,   624
   197,    16,   604
   198,    -8,   664
   199,   -59,   638
   200,   -38,   619

EAST:
     0,   176,   851
     1,   224,   841
     2,   166,   901
     3,   138,   896
     4,   161,   870
     5,   168,   873
     6,   225,   872
     7,   204,   898
     8,   148,   919
     9,   165,   870
    10,   214,   856
    11,   164,   905
    12,   118,   875
    13,   139,   856
    14,   171,   864
    15,   123,   914
    16,    91,   888
    17,    96,   875
    18,   112,   870
    19,   174,   856
    20,    85,   911
    21,   102,   868
    22,   127,   866
    23,   174,   857
    24,    91,   913
    25,   113,   870
    26,   172,   862
    27,   126,   916
    28,    90,   872
    29,   108,   869
    30,   121,   844
    31,   207,   847
    32,   121,   917
    33,   156,   858
    34,   163,   875
    35,   232,   860
    36,   153,   920
    37,   145,   892
    38,   163,   878
    39,   224,   865
    40,   213,   854
    41,   143,   906
    42,   167,   870
    43,   233,   867
    44,   183,   912
    45,   151,   852
    46,   183,   872
    47,   224,   856
    48,   138,   914
    49,   152,   874
    50,   182,   871
    51,   221,   864
    52,   143,   912
    53,   149,   867
    54,   183,   872
    55,   228,   863
    56,   160,   914
    57,   159,   875
    58,   173,   870
    59,   226,   853
    60,   147,   916
    61,   158,   875
    62,   171,   871
    63,   230,   860
    64,   140,   922
    65,   150,   881
    66,   140,   874
    67,   192,   893
    68,   135,   866
    69,   167,   846
    70,   216,   864
    71,   133,   888
    72,   158,   852
    73,   223,   847
    74,   215,   822
    75,   147,   880
    76,   155,   853
    77,   227,   843
    78,   148,   898
    79,   160,   853
    80,   177,   844
    81,   216,   835
    82,   147,   886
    83,   152,   850
    84,   173,   848
    85,   220,   827
    86,   179,   898
    87,   146,   839
    88,   174,   850
    89,   182,   895
    90,   154,   837
    91,   165,   847
    92,   193,   897
    93,   146,   853
    94,   166,   847
    95,   217,   838
    96,   137,   886
    97,   147,   866
    98,   173,   857
    99,   227,   834
   100,   146,   891
   101,   150,   858
   102,   188,   848
   103,   177,   907
   104,   155,   845
   105,   169,   848
   106,   209,   831
   107,   144,   872
   108,   164,   860
   109,   162,   855
   110,   225,   841
   111,   167,   916
   112,   146,   890
   113,   158,   869
   114,   191,   862
   115,   204,   887
   116,   145,   903
   117,   153,   877
   118,   172,   866
   119,   225,   857
   120,   194,   874
   121,   146,   898
   122,   153,   872
   123,   178,   864
   124,   209,   880
   125,   145,   883
   126,   170,   865
   127,   224,   854
   128,   130,   906
   129,   156,   866
   130,   201,   862
   131,   166,   912
   132,   141,   902
   133,   153,   870
   134,   169,   868
   135,   205,   887
   136,   143,   885
   137,   162,   866
   138,   217,   853
   139,   135,   901
   140,   165,   861
   141,   218,   859
   142,   127,   910
   143,   141,   896
   144,   154,   868
   145,   170,   863
   146,   194,   911
   147,   132,   894
   148,   170,   867
   149,   219,   853
   150,   132,   909
   151,   153,   868
   152,   181,   860
   153,   177,   912
   154,   140,   867
   155,   155,   869
   156,   223,   861
   157,   138,   912
   158,   143,   863
   159,   168,   855
   160,   187,   813
   161,   128,   891
   162,   152,   862
   163,   158,   859
   164,   192,   836
   165,   133,   880
   166,   134,   864
   167,   191,   861
   168,   165,   912
   169,   160,   845
   170,   167,   869
   171,   220,   860
   172,   133,   910
   173,   152,   880
   174,   185,   877
   175,   191,   916
   176,   151,   852
   177,   164,   878
   178,   230,   868
   179,   153,   916
   180,   164,   880
   181,   180,   871
   182,   200,   917
   183,   157,   878
   184,   177,   872
   185,   221,   858
   186,   145,   901
   187,   164,   876
   188,   233,   862
   189,   214,   848
   190,   149,   895
   191,   176,   876
   192,   234,   865
   193,   134,   919
   194,   152,   877
   195,   178,   874
   196,   211,   880
   197,   148,   900
   198,   167,   878
   199,   232,   863
   200,   216,   858


WEST:
     0,   103,   524
     1,    97,   462
     2,   114,   448
     3,   151,   439
     4,    85,   466
     5,    91,   443
     6,   161,   442
     7,    96,   511
     8,    88,   451
     9,   117,   464
    10,   150,   463
    11,   128,   511
    12,    86,   470
    13,   117,   464
    14,   172,   453
    15,   134,   511
    16,    83,   475
    17,   104,   471
    18,   167,   456
    19,   126,   513
    20,    86,   500
    21,    82,   469
    22,   117,   469
    23,   165,   462
    24,   110,   518
    25,    95,   443
    26,   121,   467
    27,   171,   457
    28,   101,   508
    29,    92,   466
    30,    94,   468
    31,   167,   458
    32,    98,   513
    33,    93,   499
    34,   101,   467
    35,   124,   468
    36,   131,   461
    37,    50,   511
    38,    60,   464
    39,    81,   461
    40,   103,   511
    41,    54,   478
    42,    72,   469
    43,   122,   450
    44,    79,   510
    45,    50,   481
    46,    70,   470
    47,   130,   462
    48,    92,   518
    49,    46,   477
    50,    71,   466
    51,   130,   451
    52,   102,   506
    53,    43,   501
    54,    57,   466
    55,    72,   469
    56,    68,   463
    57,   122,   447
    58,    34,   509
    59,    51,   443
    60,    82,   470
    61,   133,   459
    62,    81,   531
    63,    47,   483
    64,    70,   465
    65,   124,   453
    66,    66,   513
    67,    39,   510
    68,    60,   465
    69,    71,   467
    70,   117,   456
    71,    35,   508
    72,    47,   471
    73,    75,   469
    74,   127,   452
    75,    42,   513
    76,    53,   455
    77,    75,   465
    78,    92,   460
    79,   109,   428
    80,    45,   495
    81,    58,   469
    82,    78,   464
    83,   121,   446
    84,    41,   506
    85,    59,   470
    86,    78,   469
    87,   129,   447
    88,    43,   509
    89,    54,   448
    90,    66,   464
    91,   132,   455
    92,    90,   511
    93,    48,   482
    94,    71,   468
    95,   124,   451
    96,    62,   510
    97,    54,   457
    98,    81,   466
    99,   119,   446
   100,    52,   501
   101,    84,   453
   102,   113,   467
   103,   148,   432
   104,    87,   492
   105,    94,   468
   106,   114,   466
   107,   149,   449
   108,    78,   509
   109,    91,   477
   110,   112,   467
   111,   142,   494
   112,    86,   492
   113,    97,   468
   114,   113,   467
   115,   130,   511
   116,    83,   484
   117,   110,   471
   118,   157,   454
   119,    78,   508
   120,   110,   474
   121,   148,   463
   122,   110,   515
   123,    88,   454
   124,   102,   465
   125,   160,   456
   126,   117,   513
   127,    85,   491
   128,    94,   473
   129,   120,   467
   130,   144,   431
   131,    82,   511
   132,    99,   474
   133,   112,   481
   134,   160,   454
   135,    86,   513
   136,    87,   485
   137,   104,   465
   138,   147,   467
   139,   135,   510
   140,    87,   512
   141,    93,   471
   142,   113,   465
   143,   160,   449
   144,    84,   510
   145,    92,   474
   146,   114,   469
   147,   161,   475
   148,   128,   517
   149,    88,   472
   150,   104,   465
   151,   161,   454
   152,   107,   513
   153,    85,   497
   154,    91,   468
   155,   101,   465
   156,   159,   457
   157,    69,   512
   158,    91,   463
   159,    97,   473
   160,   114,   475
   161,   164,   457
   162,   120,   519
   163,    84,   491
   164,   102,   466
   165,   108,   466
   166,   156,   459
   167,    83,   508
   168,    84,   462
   169,   109,   474
   170,   121,   466
   171,   135,   526
   172,    88,   500
   173,   102,   473
   174,   131,   469
   175,   127,   521
   176,    90,   492
   177,   107,   469
   178,   165,   451
   179,    75,   504
   180,    86,   474
   181,   102,   478
   182,   159,   463
   183,   117,   522
   184,    92,   468
   185,   110,   474
   186,   159,   454
   187,    85,   508
   188,    92,   471
   189,   112,   465
   190,   148,   455
   191,    81,   497
   192,   103,   467
   193,   114,   469
   194,   153,   454
   195,    80,   524
   196,    96,   476
   197,   112,   472
   198,   162,   457
   199,    77,   510
   200,    91,   469