Right motor forward 50, Left motor reverse 50
-------------------------------------------------------------

NORTH:
     0,   312,   702
     1,   309,   693
     2,   267,   663
     3,   272,   693
     4,   261,   698
     5,   281,   679
     6,   267,   716
     7,   263,   693
     8,   287,   685
     9,   269,   691
    10,   289,   674
    11,   308,   637
    12,   308,   702
    13,   297,   681
    14,   299,   711
    15,   306,   699
    16,   277,   683
    17,   289,   725
    18,   287,   692
    19,   330,   671
    20,   293,   694
    21,   298,   683
    22,   314,   660
    23,   299,   695
    24,   306,   682
    25,   313,   677
    26,   312,   693
    27,   305,   692
    28,   304,   683
    29,   300,   662
    30,   303,   686
    31,   305,   686
    32,   317,   669
    33,   311,   726
    34,   297,   694
    35,   293,   699
    36,   309,   667
    37,   305,   693
    38,   306,   684
    39,   268,   677
    40,   293,   626
    41,   294,   693
    42,   291,   686
    43,   316,   667
    44,   305,   689
    45,   302,   682
    46,   322,   675
    47,   299,   711
    48,   298,   690
    49,   298,   674
    50,   316,   669
    51,   304,   695
    52,   300,   689
    53,   306,   650
    54,   308,   687
    55,   295,   684
    56,   306,   726
    57,   303,   693
    58,   287,   680
    59,   300,   728
    60,   301,   692
    61,   297,   691
    62,   291,   723
    63,   290,   684
    64,   296,   673
    65,   287,   683
    66,   267,   673
    67,   298,   709
    68,   300,   690
    69,   266,   679
    70,   297,   728
    71,   283,   684
    72,   304,   680
    73,   289,   654
    74,   292,   693
    75,   270,   682
    76,   295,   733
    77,   290,   694
    78,   266,   683
    79,   282,   721
    80,   290,   690
    81,   300,   667
    82,   291,   689
    83,   289,   690
    84,   277,   637
    85,   282,   689
    86,   274,   691
    87,   304,   676
    88,   288,   694
    89,   277,   696
    90,   293,   679
    91,   299,   695
    92,   300,   688
    93,   300,   721
    94,   297,   697
    95,   298,   680
    96,   304,   650
    97,   266,   780
    98,   303,   690
    99,   321,   678
   100,   318,   696
   101,   317,   693
   102,   323,   672
   103,   317,   692
   104,   312,   687
   105,   332,   679
   106,   309,   698
   107,   313,   698
   108,   286,   684
   109,   315,   722
   110,   304,   697
   111,   285,   684
   112,   302,   724
   113,   320,   704
   114,   345,   686
   115,   314,   726
   116,   307,   697
   117,   304,   690
   118,   327,   669
   119,   316,   726
   120,   308,   688
   121,   303,   689
   122,   319,   664
   123,   305,   701
   124,   316,   687
   125,   323,   669
   126,   308,   698
   127,   308,   690
   128,   312,   687
   129,   320,   719
   130,   312,   689
   131,   295,   691
   132,   318,   720
   133,   318,   694
   134,   321,   679
   135,   319,   704
   136,   309,   688
   137,   319,   723
   138,   307,   695
   139,   333,   679
   140,   319,   691
   141,   311,   692
   142,   298,   688
   143,   316,   724
   144,   302,   689
   145,   320,   671
   146,   303,   698
   147,   285,   695
   148,   286,   694
   149,   291,   697
   150,   248,   692
   151,   263,   717
   152,   266,   701
   153,   272,   690
   154,   308,   705
   155,   310,   688
   156,   337,   668
   157,   311,   676
   158,   302,   691
   159,   301,   662
   160,   305,   685
   161,   292,   683
   162,   313,   719
   163,   305,   687
   164,   335,   672
   165,   321,   723
   166,   316,   689
   167,   335,   682
   168,   310,   701
   169,   274,   692
   170,   318,   638
   171,   306,   673
   172,   297,   664
   173,   295,   639
   174,   310,   673
   175,   287,   668
   176,   304,   667
   177,   312,   679
   178,   305,   674
   179,   334,   657
   180,   313,   692
   181,   307,   675
   182,   336,   661
   183,   308,   699
   184,   310,   677
   185,   322,   673
   186,   309,   713
   187,   311,   674
   188,   305,   669
   189,   304,   635
   190,   308,   679
   191,   292,   668
   192,   305,   707
   193,   315,   686
   194,   296,   699
   195,   320,   722
   196,   308,   691
   197,   336,   671
   198,   313,   700
   199,   309,   690
   200,   328,   680

SOUTH:
     0,   -76,   766
     1,   -71,   735
     2,   -82,   721
     3,   -64,   760
     4,   -74,   726
     5,   -37,   711
     6,   -79,   696
     7,   -75,   740
     8,   -78,   733
     9,   -69,   699
    10,   -75,   707
    11,   -83,   712
    12,   -53,   687
    13,   -66,   709
    14,   -61,   718
    15,   -65,   683
    16,   -66,   731
    17,   -71,   718
    18,   -46,   701
    19,   -65,   718
    20,   -74,   729
    21,   -58,   702
    22,   -71,   725
    23,   -81,   715
    24,   -66,   674
    25,   -59,   735
    26,   -77,   717
    27,   -69,   680
    28,   -76,   735
    29,   -69,   727
    30,   -86,   713
    31,   -65,   729
    32,   -66,   727
    33,   -70,   723
    34,   -50,   720
    35,   -66,   716
    36,   -64,   723
    37,   -43,   714
    38,   -71,   750
    39,   -66,   724
    40,   -72,   724
    41,   -50,   700
    42,   -81,   730
    43,   -66,   721
    44,   -81,   710
    45,   -64,   765
    46,   -68,   724
    47,   -74,   712
    48,   -68,   696
    49,   -66,   720
    50,   -72,   721
    51,   -44,   717
    52,   -66,   689
    53,   -66,   735
    54,   -81,   719
    55,   -74,   678
    56,   -67,   724
    57,   -94,   724
    58,   -66,   709
    59,   -88,   730
    60,   -95,   729
    61,   -78,   691
    62,   -88,   706
    63,   -90,   716
    64,  -109,   712
    65,   -86,   740
    66,   -89,   726
    67,   -82,   712
    68,   -99,   731
    69,   -94,   721
    70,   -71,   701
    71,   -96,   729
    72,  -100,   713
    73,   -89,   666
    74,   -89,   723
    75,   -86,   722
    76,   -51,   705
    77,   -79,   735
    78,   -87,   730
    79,   -74,   714
    80,   -83,   722
    81,   -90,   722
    82,   -77,   713
    83,   -86,   725
    84,   -86,   723
    85,   -79,   708
    86,   -77,   730
    87,   -90,   732
    88,   -74,   721
    89,   -91,   744
    90,   -97,   726
    91,   -84,   710
    92,   -77,   730
    93,   -94,   726
    94,   -73,   712
    95,   -90,   733
    96,   -91,   735
    97,   -84,   712
    98,   -85,   752
    99,   -90,   720
   100,  -111,   705
   101,   -84,   738
   102,   -94,   713
   103,   -65,   706
   104,   -90,   728
   105,   -98,   727
   106,   -85,   678
   107,   -89,   724
   108,   -99,   713
   109,   -86,   662
   110,   -90,   734
   111,   -87,   721
   112,  -116,   710
   113,   -79,   660
   114,   -86,   727
   115,   -97,   721
   116,   -73,   689
   117,   -91,   732
   118,   -73,   716
   119,   -81,   687
   120,   -63,   737
   121,   -67,   701
   122,   -79,   698
   123,   -48,   683
   124,   -63,   705
   125,   -64,   704
   126,   -53,   682
   127,   -70,   715
   128,   -74,   717
   129,   -54,   680
   130,   -68,   706
   131,   -74,   694
   132,   -54,   677
   133,   -65,   736
   134,   -66,   706
   135,   -39,   686
   136,   -62,   725
   137,   -68,   713
   138,   -82,   695
   139,   -64,   740
   140,   -68,   710
   141,   -90,   702
   142,   -78,   739
   143,   -72,   732
   144,   -81,   726
   145,   -68,   712
   146,   -66,   738
   147,   -79,   739
   148,   -66,   706
   149,   -71,   749
   150,   -74,   729
   151,   -59,   711
   152,   -73,   726
   153,   -79,   731
   154,   -74,   711
   155,   -80,   752
   156,   -86,   729
   157,  -100,   719
   158,   -78,   695
   159,   -84,   730
   160,   -99,   717
   161,   -73,   707
   162,   -81,   722
   163,   -83,   723
   164,   -87,   716
   165,   -95,   762
   166,   -80,   732
   167,   -82,   718
   168,   -92,   714
   169,   -98,   693
   170,   -74,   718
   171,   -94,   719
   172,   -72,   707
   173,   -80,   742
   174,   -64,   729
   175,  -110,   721
   176,  -110,   753
   177,  -108,   734
   178,  -110,   733
   179,  -123,   729
   180,  -109,   758
   181,  -103,   732
   182,  -120,   725
   183,   -97,   682
   184,  -113,   742
   185,  -115,   727
   186,  -107,   696
   187,  -109,   733
   188,  -111,   734
   189,   -94,   711
   190,  -113,   688
   191,  -105,   736
   192,  -109,   731
   193,   -84,   716
   194,  -105,   755
   195,  -120,   738
   196,  -106,   719
   197,  -111,   764
   198,  -106,   734
   199,  -125,   731
   200,  -102,   761

EAST:
     0,   116,   928
     1,   107,   907
     2,   147,   939
     3,   148,   902
     4,   143,   912
     5,   116,   876
     6,   111,   926
     7,   109,   900
     8,   144,   894
     9,   156,   925
    10,   114,   913
    11,   118,   903
    12,   108,   858
    13,   112,   914
    14,    94,   901
    15,   115,   927
    16,   112,   907
    17,   106,   901
    18,   112,   950
    19,   114,   916
    20,    99,   910
    21,   117,   895
    22,   115,   934
    23,   112,   913
    24,    91,   901
    25,   105,   946
    26,   121,   915
    27,    96,   909
    28,   109,   879
    29,   110,   914
    30,   112,   908
    31,   120,   893
    32,   113,   919
    33,   114,   915
    34,    89,   909
    35,   121,   934
    36,   110,   914
    37,   104,   908
    38,   117,   885
    39,   115,   915
    40,   102,   912
    41,   157,   922
    42,   152,   890
    43,   178,   868
    44,   167,   893
    45,   158,   882
    46,   187,   870
    47,   157,   895
    48,   165,   884
    49,   175,   858
    50,   164,   891
    51,   157,   889
    52,   169,   868
    53,   162,   903
    54,   154,   890
    55,   184,   873
    56,   168,   903
    57,   159,   889
    58,   145,   884
    59,   115,   889
    60,   101,   913
    61,   118,   910
    62,   125,   891
    63,   111,   919
    64,   108,   911
    65,   138,   892
    66,   115,   934
    67,   102,   902
    68,   106,   905
    69,   119,   890
    70,   107,   916
    71,   114,   906
    72,   121,   891
    73,   112,   931
    74,   107,   912
    75,   116,   907
    76,   119,   958
    77,   103,   914
    78,   110,   903
    79,   115,   939
    80,   122,   899
    81,   112,   904
    82,   127,   890
    83,   109,   911
    84,   106,   914
    85,   120,   888
    86,   112,   908
    87,   105,   910
    88,   125,   894
    89,   115,   905
    90,   111,   904
    91,   111,   904
    92,   109,   900
    93,   109,   917
    94,   115,   908
    95,   134,   885
    96,   112,   929
    97,   121,   912
    98,   103,   902
    99,   126,   889
   100,   104,   930
   101,   111,   908
   102,   107,   911
   103,    91,   898
   104,   115,   947
   105,   113,   906
   106,   105,   909
   107,   103,   870
   108,   114,   908
   109,   112,   905
   110,   136,   906
   111,   124,   936
   112,   115,   908
   113,    90,   893
   114,   126,   884
   115,   105,   915
   116,   112,   914
   117,   133,   889
   118,   111,   931
   119,   116,   906
   120,   149,   895
   121,   116,   933
   122,   106,   904
   123,    90,   898
   124,   119,   929
   125,   122,   912
   126,   109,   906
   127,   115,   886
   128,   115,   922
   129,   105,   904
   130,   102,   875
   131,   117,   912
   132,   104,   908
   133,   113,   862
   134,   112,   912
   135,    97,   903
   136,   110,   940
   137,   115,   905
   138,   107,   909
   139,   124,   888
   140,   103,   921
   141,   109,   914
   142,   126,   906
   143,   121,   922
   144,   117,   906
   145,   115,   892
   146,   108,   934
   147,    94,   912
   148,    96,   903
   149,   136,   895
   150,   113,   921
   151,   109,   905
   152,    90,   892
   153,   117,   911
   154,   112,   913
   155,   101,   905
   156,   129,   879
   157,   109,   911
   158,   110,   912
   159,   127,   869
   160,   113,   931
   161,   109,   908
   162,    93,   897
   163,   112,   867
   164,   134,   898
   165,   128,   889
   166,   133,   862
   167,   141,   906
   168,   129,   887
   169,   151,   874
   170,   140,   896
   171,   146,   905
   172,   145,   889
   173,   127,   867
   174,   147,   902
   175,   156,   906
   176,   169,   872
   177,   158,   882
   178,   163,   879
   179,   177,   862
   180,   165,   884
   181,   149,   879
   182,   178,   865
   183,   170,   843
   184,   163,   889
   185,   160,   884
   186,   170,   823
   187,   161,   888
   188,   159,   878
   189,   117,   871
   190,   138,   903
   191,   139,   892
   192,   143,   887
   193,   143,   910
   194,   127,   899
   195,   136,   896
   196,   143,   842
   197,   132,   904
   198,   108,   901
   199,   116,   876
   200,   121,   913
WEST:


     0,   116,   462
     1,   125,   512
     2,   127,   501
     3,   139,   466
     4,   127,   497
     5,   121,   472
     6,   154,   461
     7,   127,   478
     8,   121,   471
     9,    78,   473
    10,    81,   523
    11,    83,   496
    12,    63,   486
    13,    79,   523
    14,    75,   494
    15,    99,   486
    16,    72,   521
    17,    82,   489
    18,    93,   478
    19,    85,   501
    20,    87,   489
    21,    81,   489
    22,    80,   447
    23,    83,   496
    24,    81,   491
    25,   101,   479
    26,    78,   495
    27,    87,   496
    28,    68,   492
    29,    83,   503
    30,    85,   501
    31,    93,   492
    32,    97,   476
    33,    88,   535
    34,    82,   511
    35,    75,   485
    36,    81,   479
    37,    87,   492
    38,    68,   497
    39,   100,   474
    40,    82,   520
    41,    80,   491
    42,    85,   486
    43,    97,   545
    44,    81,   483
    45,    79,   495
    46,   106,   473
    47,    91,   493
    48,    73,   489
    49,    89,   474
    50,    94,   494
    51,    76,   493
    52,    77,   466
    53,    90,   501
    54,    84,   495
    55,    89,   476
    56,    84,   528
    57,    86,   506
    58,    91,   490
    59,    84,   509
    60,    81,   503
    61,    90,   494
    62,    91,   518
    63,    89,   503
    64,   101,   486
    65,    86,   520
    66,    90,   498
    67,    69,   493
    68,    83,   472
    69,    81,   508
    70,    77,   499
    71,    77,   504
    72,    84,   496
    73,    70,   493
    74,    80,   449
    75,    86,   498
    76,    75,   502
    77,    86,   468
    78,    89,   503
    79,    84,   497
    80,    92,   473
    81,    79,   499
    82,    73,   491
    83,    77,   467
    84,    82,   502
    85,    72,   497
    86,    94,   467
    87,    74,   502
    88,    70,   505
    89,    80,   479
    90,    90,   526
    91,   120,   499
    92,   107,   487
    93,   128,   518
    94,   126,   499
    95,   103,   493
    96,   129,   505
    97,   123,   497
    98,   116,   489
    99,   128,   459
   100,   124,   470
   101,   118,   470
   102,   138,   461
   103,   124,   509
   104,   134,   476
   105,   122,   459
   106,   131,   469
   107,   130,   480
   108,   120,   466
   109,   126,   435
   110,   131,   469
   111,   122,   466
   112,   155,   460
   113,   127,   457
   114,   128,   480
   115,   106,   465
   116,   131,   441
   117,   124,   473
   118,   124,   474
   119,   128,   432
   120,   133,   472
   121,   107,   460
   122,   125,   492
   123,   115,   470
   124,   141,   453
   125,   121,   500
   126,   123,   461
   127,   124,   427
   128,   127,   475
   129,   144,   462
   130,   138,   490
   131,   131,   475
   132,   144,   463
   133,   127,   477
   134,   131,   468
   135,   131,   457
   136,   132,   448
   137,   134,   468
   138,   122,   468
   139,   134,   427
   140,   128,   477
   141,   123,   470
   142,   133,   434
   143,   123,   474
   144,   119,   467
   145,   123,   425
   146,   123,   469
   147,   112,   466
   148,   124,   456
   149,   130,   482
   150,   127,   469
   151,   115,   468
   152,   125,   499
   153,   131,   479
   154,   115,   462
   155,   140,   453
   156,   128,   469
   157,   121,   468
   158,   121,   446
   159,   125,   498
   160,   127,   474
   161,   111,   462
   162,   126,   499
   163,   136,   467
   164,   135,   451
   165,   133,   496
   166,   128,   471
   167,   110,   460
   168,   128,   505
   169,   122,   475
   170,   116,   468
   171,   145,   449
   172,   124,   469
   173,   116,   470
   174,   135,   446
   175,   126,   468
   176,   120,   461
   177,   124,   496
   178,   123,   473
   179,   113,   456
   180,   122,   488
   181,   131,   466
   182,   119,   472
   183,   135,   462
   184,   127,   474
   185,   126,   470
   186,   139,   507
   187,   128,   471
   188,   128,   461
   189,   124,   497
   190,   136,   474
   191,   105,   457
   192,   128,   508
   193,   127,   468
   194,   135,   466
   195,   133,   444
   196,   127,   494
   197,   125,   469
   198,   148,   458
   199,   135,   493
   200,   126,   471