Right motor reverse 100, Left motor reverse 100
-------------------------------------------------------------

NORTH:
     0,   326,   667
     1,   309,   649
     2,   333,   716
     3,   291,   657
     4,   318,   723
     5,   329,   665
     6,   313,   659
     7,   331,   717
     8,   321,   665
     9,   254,   663
    10,   281,   688
    11,   261,   666
    12,   268,   732
    13,   294,   720
    14,   320,   651
    15,   303,   646
    16,   327,   692
    17,   296,   658
    18,   310,   669
    19,   323,   622
    20,   251,   651
    21,   306,   719
    22,   322,   662
    23,   305,   659
    24,   327,   701
    25,   324,   661
    26,   301,   657
    27,   330,   714
    28,   321,   660
    29,   290,   658
    30,   326,   715
    31,   314,   658
    32,   310,   683
    33,   322,   664
    34,   273,   654
    35,   309,   730
    36,   324,   662
    37,   264,   662
    38,   302,   717
    39,   322,   667
    40,   297,   661
    41,   327,   722
    42,   325,   665
    43,   305,   651
    44,   323,   707
    45,   308,   658
    46,   309,   639
    47,   335,   685
    48,   323,   661
    49,   304,   659
    50,   319,   716
    51,   327,   663
    52,   294,   658
    53,   313,   717
    54,   328,   665
    55,   297,   658
    56,   321,   718
    57,   332,   664
    58,   258,   658
    59,   311,   725
    60,   322,   698
    61,   273,   657
    62,   314,   712
    63,   320,   660
    64,   308,   641
    65,   332,   671
    66,   268,   655
    67,   310,   709
    68,   331,   661
    69,   313,   663
    70,   331,   703
    71,   330,   631
    72,   259,   650
    73,   318,   709
    74,   332,   662
    75,   307,   651
    76,   328,   706
    77,   322,   657
    78,   312,   640
    79,   322,   649
    80,   240,   651
    81,   322,   712
    82,   321,   663
    83,   275,   657
    84,   332,   618
    85,   328,   684
    86,   298,   657
    87,   271,   730
    88,   284,   661
    89,   227,   664
    90,   274,   719
    91,   293,   670
    92,   254,   649
    93,   310,   723
    94,   329,   703
    95,   315,   662
    96,   306,   657
    97,   304,   714
    98,   317,   665
    99,   293,   652
   100,   335,   694
   101,   320,   658
   102,   320,   632
   103,   328,   657
   104,   299,   661
   105,   309,   630
   106,   328,   713
   107,   322,   666
   108,   304,   663
   109,   331,   704
   110,   321,   668
   111,   311,   640
   112,   326,   681
   113,   301,   659
   114,   314,   707
   115,   319,   664
   116,   316,   648
   117,   269,   647
   118,   274,   722
   119,   284,   672
   120,   225,   671
   121,   271,   725
   122,   290,   649
   123,   221,   659
   124,   270,   735
   125,   282,   689
   126,   273,   667
   127,   283,   630
   128,   290,   664
   129,   288,   672
   130,   272,   669
   131,   287,   700
   132,   304,   653
   133,   309,   685
   134,   322,   665
   135,   267,   655
   136,   306,   715
   137,   324,   658
   138,   281,   650
   139,   302,   718
   140,   318,   669
   141,   263,   654
   142,   307,   710
   143,   320,   664
   144,   298,   651
   145,   318,   698
   146,   283,   664
   147,   284,   661
   148,   295,   694
   149,   279,   655
   150,   307,   708
   151,   318,   657
   152,   318,   658
   153,   311,   616
   154,   334,   651
   155,   266,   646
   156,   312,   704
   157,   332,   654
   158,   304,   651
   159,   336,   709
   160,   320,   661
   161,   309,   640
   162,   335,   675
   163,   328,   656
   164,   312,   655
   165,   333,   693
   166,   328,   646
   167,   316,   636
   168,   328,   658
   169,   285,   653
   170,   319,   718
   171,   330,   645
   172,   276,   658
   173,   311,   719
   174,   324,   668
   175,   291,   658
   176,   320,   733
   177,   323,   666
   178,   274,   659
   179,   310,   712
   180,   334,   664
   181,   276,   658
   182,   317,   716
   183,   331,   666
   184,   302,   661
   185,   336,   713
   186,   333,   667
   187,   265,   660
   188,   314,   717
   189,   331,   667
   190,   311,   668
   191,   335,   711
   192,   322,   667
   193,   315,   654
   194,   343,   687
   195,   297,   657
   196,   327,   720
   197,   340,   666
   198,   331,   661
   199,   320,   650
   200,   333,   694
SOUTH:
     0,   -56,   699
     1,  -116,   709
     2,   -71,   764
     3,   -54,   716
     4,   -74,   705
     5,   -48,   743
     6,   -81,   713
     7,   -57,   688
     8,   -53,   744
     9,   -70,   706
    10,   -85,   709
    11,   -63,   763
    12,   -52,   715
    13,   -95,   705
    14,   -68,   772
    15,   -56,   710
    16,   -80,   707
    17,   -65,   703
    18,   -55,   742
    19,   -87,   708
    20,   -62,   717
    21,   -44,   722
    22,   -51,   713
    23,   -73,   707
    24,   -45,   760
    25,   -53,   711
    26,   -59,   736
    27,   -49,   719
    28,  -122,   709
    29,   -57,   763
    30,   -52,   716
    31,   -74,   707
    32,   -54,   761
    33,   -44,   704
    34,   -90,   714
    35,   -51,   731
    36,   -47,   721
    37,   -92,   710
    38,   -65,   761
    39,   -52,   719
    40,   -81,   707
    41,   -70,   763
    42,   -48,   716
    43,   -61,   702
    44,   -49,   741
    45,   -53,   713
    46,   -78,   708
    47,   -70,   765
    48,   -63,   715
    49,   -70,   708
    50,   -43,   753
    51,   -57,   710
    52,   -60,   769
    53,   -49,   704
    54,  -119,   707
    55,   -76,   761
    56,   -45,   749
    57,   -65,   706
    58,   -65,   764
    59,   -57,   708
    60,   -78,   700
    61,   -70,   753
    62,   -49,   706
    63,   -86,   699
    64,   -75,   757
    65,   -63,   703
    66,   -79,   703
    67,   -55,   751
    68,   -58,   704
    69,  -108,   695
    70,   -71,   752
    71,   -60,   708
    72,   -74,   697
    73,   -53,   748
    74,   -71,   697
    75,   -97,   696
    76,   -82,   724
    77,  -120,   713
    78,   -94,   779
    79,   -85,   770
    80,   -91,   722
    81,   -96,   709
    82,   -83,   750
    83,   -98,   719
    84,  -102,   709
    85,   -78,   750
    86,  -112,   717
    87,   -94,   772
    88,   -87,   712
    89,  -141,   717
    90,   -96,   770
    91,   -84,   739
    92,  -121,   723
    93,   -96,   773
    94,   -80,   720
    95,  -141,   716
    96,   -94,   773
    97,   -86,   731
    98,  -139,   715
    99,   -89,   763
   100,   -85,   724
   101,   -61,   677
   102,   -59,   757
   103,   -37,   722
   104,   -54,   714
   105,   -41,   758
   106,   -76,   714
   107,   -52,   775
   108,   -41,   723
   109,  -104,   719
   110,   -51,   771
   111,   -39,   717
   112,   -65,   714
   113,   -39,   763
   114,   -47,   722
   115,   -71,   720
   116,   -33,   761
   117,   -43,   720
   118,   -54,   710
   119,   -47,   748
   120,   -41,   718
   121,   -49,   706
   122,   -41,   750
   123,   -87,   720
   124,   -58,   770
   125,   -44,   720
   126,   -98,   710
   127,   -33,   769
   128,   -50,   717
   129,   -51,   769
   130,   -40,   720
   131,   -54,   708
   132,   -42,   714
   133,   -92,   720
   134,   -47,   769
   135,   -33,   718
   136,   -54,   712
   137,   -54,   774
   138,   -44,   724
   139,  -102,   714
   140,   -58,   770
   141,   -44,   723
   142,   -70,   716
   143,   -39,   766
   144,   -42,   721
   145,   -53,   691
   146,   -42,   704
   147,   -87,   717
   148,   -52,   770
   149,   -44,   758
   150,   -61,   724
   151,   -55,   701
   152,   -46,   741
   153,   -70,   716
   154,   -45,   769
   155,   -44,   728
   156,   -64,   715
   157,   -57,   769
   158,   -49,   722
   159,   -51,   699
   160,   -46,   770
   161,   -39,   723
   162,   -52,   693
   163,   -32,   719
   164,   -65,   719
   165,   -36,   764
   166,   -44,   717
   167,   -50,   702
   168,   -35,   723
   169,   -77,   717
   170,   -49,   782
   171,   -40,   706
   172,   -48,   720
   173,   -59,   702
   174,   -40,   739
   175,   -63,   717
   176,   -55,   723
   177,   -46,   720
   178,   -74,   720
   179,   -53,   771
   180,   -37,   719
   181,   -66,   720
   182,   -42,   763
   183,   -39,   689
   184,  -106,   711
   185,   -52,   773
   186,   -33,   720
   187,   -54,   708
   188,   -36,   746
   189,   -99,   712
   190,   -49,   769
   191,   -37,   717
   192,   -57,   713
   193,   -33,   732
   194,   -96,   717
   195,   -52,   711
   196,   -41,   760
   197,   -38,   724
   198,   -61,   710
   199,   -38,   749
   200,   -62,   719
EAST:
     0,   174,   877
     1,   116,   867
     2,   149,   927
     3,   166,   876
     4,   104,   869
     5,   153,   920
     6,   157,   856
     7,   171,   870
     8,   150,   859
     9,   176,   909
    10,   168,   868
    11,   172,   876
    12,   181,   916
    13,   172,   875
    14,   151,   869
    15,   168,   916
    16,   177,   874
    17,   133,   866
    18,   167,   858
    19,   182,   893
    20,   173,   872
    21,   163,   874
    22,   173,   913
    23,   179,   870
    24,   154,   873
    25,   173,   921
    26,   180,   870
    27,   156,   862
    28,   170,   919
    29,   177,   885
    30,   160,   871
    31,   172,   894
    32,   177,   866
    33,   126,   873
    34,   164,   921
    35,   179,   852
    36,   112,   862
    37,   171,   920
    38,   171,   860
    39,   118,   866
    40,   164,   927
    41,   177,   898
    42,   161,   873
    43,   163,   923
    44,   178,   859
    45,   135,   863
    46,   169,   921
    47,   172,   876
    48,   160,   870
    49,   164,   849
    50,   181,   893
    51,   156,   869
    52,   171,   884
    53,   174,   921
    54,   177,   872
    55,   157,   862
    56,   162,   917
    57,   183,   877
    58,   139,   875
    59,   162,   926
    60,   180,   863
    61,   153,   871
    62,   161,   858
    63,   181,   912
    64,   173,   860
    65,   120,   870
    66,   161,   922
    67,   173,   872
    68,   131,   878
    69,   158,   940
    70,   172,   892
    71,   153,   875
    72,   159,   869
    73,   178,   917
    74,   170,   875
    75,   159,   861
    76,   163,   927
    77,   167,   886
    78,   134,   881
    79,   160,   923
    80,   176,   866
    81,   134,   874
    82,   165,   892
    83,   179,   893
    84,   158,   882
    85,   162,   867
    86,   181,   910
    87,   188,   872
    88,   157,   873
    89,   165,   923
    90,   189,   874
    91,   146,   867
    92,   171,   929
    93,   198,   857
    94,   146,   868
    95,   168,   923
    96,   185,   863
    97,   129,   872
    98,   167,   932
    99,   180,   916
   100,   178,   878
   101,   157,   867
   102,   183,   921
   103,   186,   868
   104,   163,   862
   105,   175,   916
   106,   180,   877
   107,   133,   874
   108,   160,   926
   109,   188,   855
   110,   180,   876
   111,   165,   858
   112,   185,   906
   113,   183,   863
   114,   167,   859
   115,   186,   902
   116,   154,   875
   117,   178,   855
   118,   183,   888
   119,   176,   874
   120,   170,   862
   121,   179,   908
   122,   181,   862
   123,   140,   867
   124,   167,   922
   125,   189,   879
   126,   158,   870
   127,   173,   893
   128,   190,   888
   129,   155,   876
   130,   168,   884
   131,   177,   871
   132,   151,   866
   133,   166,   864
   134,   176,   918
   135,   190,   877
   136,   171,   866
   137,   189,   915
   138,   179,   873
   139,   163,   858
   140,   187,   900
   141,   179,   867
   142,   174,   855
   143,   186,   903
   144,   181,   874
   145,   153,   873
   146,   165,   872
   147,   165,   913
   148,   173,   877
   149,   153,   869
   150,   175,   920
   151,   176,   870
   152,   153,   867
   153,   174,   932
   154,   139,   864
   155,   125,   858
   156,   129,   883
   157,   148,   879
   158,   124,   855
   159,   134,   830
   160,   145,   867
   161,   125,   862
   162,   124,   871
   163,   149,   886
   164,   140,   859
   165,   136,   919
   166,   135,   854
   167,   107,   855
   168,   121,   859
   169,   172,   909
   170,   184,   874
   171,   111,   866
   172,   164,   921
   173,   188,   853
   174,   150,   872
   175,   176,   885
   176,   190,   886
   177,   150,   873
   178,   176,   923
   179,   186,   914
   180,   185,   872
   181,   161,   865
   182,   189,   914
   183,   186,   874
   184,   175,   868
   185,   182,   912
   186,   195,   869
   187,   166,   867
   188,   190,   913
   189,   147,   871
   190,   128,   868
   191,   123,   924
   192,   139,   883
   193,   120,   876
   194,   127,   931
   195,   145,   880
   196,   125,   874
   197,   134,   910
   198,   124,   872
   199,   130,   898
   200,   142,   881
WEST:
     0,   135,   502
     1,   148,   453
     2,    97,   447
     3,   140,   502
     4,   151,   442
     5,    90,   444
     6,   138,   497
     7,   149,   494
     8,   144,   455
     9,    87,   443
    10,   111,   512
    11,   154,   465
    12,    98,   455
    13,   142,   521
    14,   149,   476
    15,   132,   463
    16,   127,   447
    17,   152,   499
    18,   158,   463
    19,    87,   457
    20,    91,   488
    21,   109,   439
    22,    56,   435
    23,    93,   492
    24,   110,   465
    25,   103,   439
    26,    70,   437
    27,    97,   489
    28,   105,   443
    29,    87,   430
    30,   102,   423
    31,   107,   449
    32,   106,   434
    33,    88,   421
    34,   112,   477
    35,   112,   440
    36,    87,   427
    37,   114,   484
    38,   106,   442
    39,    81,   435
    40,    97,   489
    41,   110,   468
    42,   101,   440
    43,    99,   431
    44,   101,   482
    45,    99,   441
    46,    81,   432
    47,    91,   489
    48,   103,   445
    49,    42,   438
    50,   101,   486
    51,   112,   437
    52,    68,   436
    53,    93,   436
    54,   113,   484
    55,   103,   442
    56,    54,   439
    57,   101,   485
    58,   109,   427
    59,    85,   431
    60,    94,   426
    61,   111,   482
    62,   106,   437
    63,    95,   432
    64,    98,   490
    65,   104,   431
    66,    42,   433
    67,    97,   487
    68,   111,   441
    69,    60,   430
    70,    98,   490
    71,   110,   431
    72,    70,   440
    73,   107,   396
    74,   105,   455
    75,    90,   437
    76,    90,   433
    77,    97,   488
    78,   104,   442
    79,    50,   431
    80,    99,   488
    81,   111,   430
    82,    70,   440
    83,   103,   446
    84,   108,   437
    85,    70,   440
    86,    99,   395
    87,    90,   488
    88,   107,   440
    89,    85,   431
    90,   105,   482
    91,   115,   438
    92,    89,   434
    93,   112,   481
    94,   108,   441
    95,    67,   434
    96,    99,   492
    97,   101,   420
    98,    48,   436
    99,    97,   429
   100,   107,   478
   101,   110,   439
   102,    46,   430
   103,    95,   486
   104,   108,   426
   105,    69,   437
   106,    95,   449
   107,   112,   457
   108,    82,   436
   109,   100,   440
   110,   103,   484
   111,   108,   440
   112,    57,   438
   113,    98,   487
   114,   111,   440
   115,    83,   435
   116,    90,   486
   117,   117,   440
   118,    88,   437
   119,   111,   474
   120,    84,   439
   121,    99,   431
   122,    98,   484
   123,   106,   443
   124,    96,   432
   125,   106,   479
   126,   116,   441
   127,    88,   431
   128,   118,   482
   129,   112,   438
   130,    90,   439
   131,   121,   483
   132,   107,   440
   133,    68,   435
   134,    96,   485
   135,   103,   438
   136,    75,   426
   137,   100,   491
   138,    96,   425
   139,    77,   435
   140,    97,   490
   141,   104,   444
   142,    77,   429
   143,    91,   494
   144,   108,   443
   145,   105,   440
   146,    98,   423
   147,   113,   440
   148,    63,   437
   149,    82,   492
   150,   108,   442
   151,    53,   428
   152,    90,   492
   153,   115,   437
   154,    86,   429
   155,   108,   494
   156,   112,   436
   157,    65,   435
   158,    99,   486
   159,   107,   422
   160,    51,   432
   161,    94,   457
   162,   106,   471
   163,   106,   431
   164,    91,   427
   165,   111,   489
   166,   110,   439
   167,    85,   429
   168,   102,   428
   169,   111,   471
   170,   112,   437
   171,    93,   432
   172,   113,   481
   173,   113,   438
   174,    87,   429
   175,    91,   488
   176,   117,   434
   177,    70,   436
   178,   102,   487
   179,   103,   477
   180,   112,   437
   181,    67,   437
   182,    94,   493
   183,   108,   429
   184,    84,   435
   185,   100,   421
   186,   109,   462
   187,   110,   441
   188,    97,   431
   189,    93,   489
   190,   105,   415
   191,   107,   440
   192,    83,   432
   193,   115,   489
   194,    96,   436
   195,    90,   430
   196,   110,   479
   197,   110,   437
   198,   101,   423
   199,   110,   480
   200,   114,   439

