Right motor forward 50, Left motor reverse 50
-------------------------------------------------------------

NORTH #1:

     0,    49,   658
     1,    49,   658
     2,    86,   658
     3,    88,   687
     4,    70,   671
     5,    75,   666
     6,    75,   666
     7,    77,   669
     8,    61,   662
     9,    78,   653
    10,    78,   653
    11,    83,   699
    12,    62,   672
    13,    68,   668
    14,    78,   672
    15,    78,   672
    16,    78,   670
    17,    67,   654
    18,    99,   652
    19,    99,   652
    20,    87,   715
    21,    76,   669
    22,    68,   665
    23,    78,   661
    24,    78,   661
    25,    63,   663
    26,   103,   659
    27,    76,   717
    28,    76,   717
    29,    69,   673
    30,    68,   665
    31,    60,   661
    32,   105,   653
    33,   105,   653
    34,    80,   623
    35,    84,   677
    36,    71,   671
    37,    71,   671
    38,    68,   661
    39,    49,   662
    40,    90,   648
    41,    90,   648
    42,    80,   699
    43,    76,   671
    44,    69,   665
    45,    76,   659
    46,    76,   659
    47,   110,   648
    48,    73,   636
    49,    71,   685
    50,    71,   685
    51,    79,   667
    52,    73,   672
    53,    74,   660
    54,    82,   643
    55,    82,   643
    56,    75,   689
    57,   104,   683
    58,   108,   689
    59,   108,   689
    60,    98,   683
    61,   116,   677
    62,   110,   641
    63,   114,   696
    64,   114,   696
    65,   108,   696
    66,   120,   682
    67,    97,   692
    68,    97,   692
    69,   138,   676
    70,   127,   695
    71,   108,   705
    72,   112,   694
    73,   112,   694
    74,   106,   689
    75,    97,   682
    76,   116,   668
    77,   116,   668
    78,   124,   708
    79,   117,   692
    80,   107,   691
    81,   107,   701
    82,   107,   701
    83,   109,   687
    84,   127,   680
    85,   112,   715
    86,   112,   715
    87,   111,   684
    88,   112,   693
    89,   102,   684
    90,    98,   682
    91,    98,   682
    92,   113,   656
    93,   108,   744
    94,   111,   698
    95,   111,   698
    96,   103,   693
    97,   111,   682
    98,    88,   648
    99,    91,   662
   100,    91,   662
   101,   127,   709
   102,   131,   684
   103,   117,   675
   104,   117,   675
   105,   120,   681
   106,   128,   661
   107,   118,   724
   108,   116,   667
   109,   116,   667
   110,   122,   676
   111,   119,   682
   112,   117,   670
   113,   117,   670
   114,   150,   665
   115,   123,   696
   116,   118,   689
   117,   118,   689
   118,   118,   690
   119,   123,   676
   120,   109,   674
   121,   153,   667
   122,   153,   667
   123,   118,   655
   124,   131,   703
   125,   121,   681
   126,   121,   681
   127,   123,   691
   128,   105,   674
   129,   126,   679
   130,   125,   717
   131,   125,   717
   132,   121,   678
   133,   122,   682
   134,   123,   686
   135,   123,   686
   136,   116,   678
   137,   125,   671
   138,   137,   659
   139,   123,   706
   140,   123,   706
   141,   127,   684
   142,   116,   691
   143,   112,   694
   144,   112,   694
   145,   101,   685
   146,   129,   653
   147,   115,   715
   148,   112,   693
   149,   112,   693
   150,   118,   690
   151,   113,   675
   152,    86,   670
   153,    86,   670
   154,   128,   658
   155,   123,   729
   156,   110,   690
   157,   111,   689
   158,   111,   689
   159,   114,   684
   160,   122,   675
   161,   127,   659
   162,   127,   659
   163,   120,   715
   164,   124,   686
   165,   118,   683
   166,    99,   679
   167,    99,   679
   168,   129,   665
   169,   114,   730
   170,   116,   685
   171,   116,   685
   172,   120,   684
   173,   118,   679
   174,   139,   665
   175,   103,   723
   176,   103,   723
   177,   105,   697
   178,   108,   683
   179,    90,   677
   180,    90,   677
   181,   109,   658
   182,   109,   701
   183,   106,   679
   184,   100,   683
   185,   100,   683
   186,   100,   683
   187,   128,   675
   188,   108,   687
   189,   108,   687
   190,    64,   677
   191,   115,   684
   192,   119,   687
   193,   119,   687
   194,   104,   675
   195,   142,   669
   196,   120,   693
   197,   133,   692
   198,   133,   692
   199,   122,   706
   200,   121,   685
   201,   100,   689
   202,   100,   689
   203,   138,   659
   204,   126,   720
   205,   125,   693
   206,   128,   686
   207,   128,   686
   208,   133,   694
   209,    98,   674
   210,   125,   672
   211,   125,   672
   212,   129,   726
   213,   129,   697
   214,   131,   689
   215,   115,   682
   216,   115,   682
   217,   125,   678
   218,   136,   657
   219,   131,   716
   220,   131,   716
   221,   118,   694
   222,   123,   682
   223,   122,   689
   224,   149,   666
   225,   149,   666
   226,   132,   706
   227,   127,   695
   228,   132,   685
   229,   132,   685
   230,   127,   691
   231,   131,   687
   232,   138,   672
   233,   129,   708
   234,   129,   708
   235,   137,   693
   236,   126,   694
   237,   121,   680
   238,   121,   680
   239,   135,   675
   240,   125,   648
   241,   126,   700
   242,   138,   685
   243,   138,   685
   244,   121,   688
   245,   124,   675
   246,   143,   664
   247,   143,   664
   248,   127,   708
   249,   132,   691
   250,   125,   686
   251,   111,   676
   252,   111,   676
   253,   158,   668
   254,   137,   694
   255,   112,   691
   256,   112,   691
   257,   131,   691
   258,   125,   687
   259,   147,   677
   260,   125,   667
   261,   125,   667
   262,   134,   717
   263,   133,   685
   264,   130,   682
   265,   130,   682
   266,   129,   682
   267,   120,   672
   268,   133,   648
   269,   133,   648
   270,   130,   717
   271,   134,   682
   272,   125,   687
   273,   103,   678
   274,   103,   678
   275,   151,   673
   276,   132,   727
   277,   137,   686
   278,   137,   686
   279,   122,   694
   280,   123,   689
   281,   157,   681
   282,   131,   722
   283,   131,   722
   284,   131,   695
   285,   126,   691
   286,   123,   678
   287,   123,   678
   288,   117,   681
   289,   127,   640
   290,   134,   696
   291,   132,   700
   292,   132,   700
   293,   128,   694
   294,   111,   679
   295,   136,   658
   296,   136,   658
   297,   136,   701
   298,   130,   687
   299,   129,   697
   300,   109,   686
   301,   109,   686
   302,   147,   681
   303,   127,   725
   304,   134,   686
   305,   134,   686
   306,   131,   686
   307,   117,   679
   308,   143,   680
   309,   140,   722
   310,   140,   722
   311,   130,   686
   312,   134,   705
   313,   112,   695
   314,   112,   695
   315,   131,   676
   316,   124,   667
   317,   143,   709
   318,   131,   685
   319,   131,   685
   320,   137,   687
   321,    91,   677
   322,   148,   678
   323,   148,   678
   324,   208,   787
   325,    66,   686
   326,    81,   667
   327,    68,   669
   328,    68,   669
   329,    74,   666
   330,    96,   645
   331,    86,   698
   332,    86,   698
   333,    92,   671
   334,    77,   660
   335,    77,   660
   336,    95,   663
   337,    95,   663
   338,    83,   643
   339,    85,   690
   340,    75,   669
   341,    75,   669
   342,    72,   667
   343,    81,   661
   344,    85,   658
   345,    85,   658
   346,    85,   658
   347,    89,   706
   348,    60,   668
   349,   104,   692
   350,   104,   692
   351,   104,   694
   352,   104,   692
   353,   125,   664
   354,   125,   664
   355,   115,   722
   356,   108,   687
   357,   112,   682
   358,   108,   690
   359,   108,   690
   360,    96,   677
   361,   133,   674
   362,   106,   654
   363,   106,   654
   364,    99,   711
   365,   104,   708
   366,   110,   699
   367,   116,   701
   368,   116,   701
   369,   100,   673
   370,   116,   668
   371,   120,   738
   372,   120,   738
   373,   109,   683
   374,   106,   689
   375,   116,   675
   376,    99,   679
   377,    99,   679
   378,   128,   675
   379,   107,   627
   380,   112,   710
   381,   112,   710
   382,   100,   703
   383,   104,   693
   384,   107,   693
   385,   103,   674
   386,   103,   674
   387,   129,   679
   388,   109,   655
   389,   111,   721
   390,   111,   721
   391,   121,   684
   392,   108,   686
   393,   111,   685
   394,   103,   684
   395,   103,   684
   396,    76,   680
   397,   116,   684
   398,   106,   716
   399,   106,   716
   400,   108,   708
   401,   110,   697
   402,   106,   690
   403,    99,   673
   404,    99,   673
   405,   118,   649
   406,   108,   720
   407,   110,   686
   408,   110,   686
   409,   109,   689
   410,   108,   683
   411,   114,   672
   412,   105,   650
   413,   105,   650
   414,   113,   715
   415,   111,   688
   416,   110,   682
   417,   110,   682
   418,   108,   682
   419,   126,   667
   420,   110,   710
   421,   110,   710
   422,   111,   687
   423,   105,   686
   424,   102,   691
   425,    79,   674
   426,    79,   674
   427,   122,   675
   428,   117,   722
   429,   100,   681
   430,   100,   681
   431,   108,   684
   432,   120,   692
   433,    89,   675
   434,   137,   655
   435,   137,   655
   436,   114,   707
   437,   110,   689
   438,   112,   689
   439,   112,   689
   440,    84,   667
   441,   108,   686
   442,   128,   668
   443,   128,   661
   444,   128,   661
   445,   117,   700
   446,   117,   672
   447,   117,   675
   448,   117,   675
   449,   111,   677
   450,    99,   674
   451,   133,   669
   452,   126,   646
   453,   126,   646
   454,   125,   694
   455,   116,   680
   456,   123,   682
   457,   123,   682
   458,    91,   677
   459,   135,   669
   460,   111,   707
   461,   121,   678
   462,   121,   678
   463,   124,   687
   464,   115,   672
   465,   110,   671
   466,   110,   671
   467,   130,   667
   468,   106,   688
   469,   114,   691
   470,   116,   679
   471,   116,   679
   472,   117,   681
   473,    88,   669
   474,   141,   669
   475,   141,   669
   476,   125,   700
   477,   122,   684
   478,   118,   673
   479,   109,   670
   480,   109,   670
   481,   127,   661
   482,   123,   728
   483,   119,   680
   484,   119,   680
   485,   114,   680
   486,   103,   673
   487,   102,   674
   488,   118,   643
   489,   118,   643
   490,   122,   713
   491,   128,   678
   492,   122,   676
   493,   122,   676
   494,    96,   690
   495,   116,   676
   496,   113,   676
   497,   113,   676
   498,   111,   709
   499,   113,   684
   500,   115,   695
   501,   104,   683
   502,   104,   683
   503,   118,   672
   504,   121,   655
   505,   116,   710
   506,   116,   710
   507,   112,   681
   508,   112,   683
   509,   111,   685
   510,   121,   691
   511,   121,   691
   512,   111,   659
   513,   127,   713
   514,   121,   675
   515,   121,   675
   516,   128,   677
   517,   113,   669
   518,   142,   657
   519,   120,   698
   520,   120,   698
   521,   113,   681
   522,   124,   682
   523,   123,   685
   524,   123,   685
   525,   101,   673
   526,   129,   649
   527,   124,   715
   528,   123,   684
   529,   123,   684
   530,   119,   682
   531,   108,   676
   532,   142,   666
   533,   142,   666
   534,   121,   642
   535,   121,   690
   536,   133,   673
   537,   125,   696
   538,   125,   696
   539,   115,   675
   540,   112,   670
   541,   139,   647
   542,   139,   647
   543,   117,   702
   544,   129,   675
   545,   125,   671
   546,   120,   674
   547,   120,   674
   548,   122,   680
   549,    92,   663
   550,   140,   666
   551,   140,   666
   552,   119,   705
   553,   125,   679
   554,   114,   687
   555,   112,   690
   556,   112,   690
   557,   103,   665
   558,   127,   662
   559,   123,   716
   560,   123,   716
   561,   130,   682
   562,   124,   681
   563,   118,   679
   564,   118,   670
   565,   116,   670
   566,   110,   663
   567,   136,   666
   568,   108,   721
   569,   108,   721
   570,   115,   703
   571,   121,   680
   572,   116,   690
   573,   116,   690
   574,   115,   681
   575,   133,   665
   576,   117,   626
   577,   116,   692
   578,   116,   692
   579,   122,   683
   580,   118,   680
   581,   113,   675
   582,   113,   675
   583,   111,   672
   584,   142,   658
   585,   110,   707
   586,   126,   684
   587,   126,   684
   588,   120,   680
   589,   106,   668
   590,   145,   658
   591,   145,   658
   592,   128,   713
   593,   126,   673
   594,   120,   676
   595,   111,   671
   596,   111,   671
   597,   115,   671
   598,   127,   649
   599,   127,   726
   600,   127,   726
   601,   116,   691
   602,   122,   673
   603,   122,   677
   604,   106,   668
   605,   106,   668
   606,   140,   664
   607,   122,   717
   608,   120,   678
   609,   120,   678
   610,   121,   677
   611,   120,   682
   612,    91,   667
   613,   139,   663
   614,   139,   663
   615,    93,   730
   616,    91,   685
   617,    92,   683
   618,    92,   683
   619,    82,   671
   620,    91,   678
   621,    90,   663
   622,    97,   665
   623,    97,   665
   624,    96,   708
   625,    91,   677
   626,    98,   682
   627,    98,   682
   628,   102,   674
   629,    85,   674
   630,   117,   667
   631,    97,   722
   632,    97,   722
   633,    32,   755
   634,    88,   660
   635,    80,   667
   636,    80,   667
   637,    77,   665
   638,    94,   637
   639,    97,   687
   640,    97,   687
   641,    97,   679
   642,    73,   665
   643,    78,   672
   644,   100,   640
   645,   100,   640
   646,    92,   702
   647,    89,   664
   648,    87,   674
   649,    87,   674
   650,    94,   667
   651,   112,   656
   652,    88,   654
   653,    82,   664
   654,    82,   664
   655,    85,   669
   656,    96,   681
   657,    78,   656
   658,    78,   656
   659,    95,   649
   660,    87,   693
   661,    95,   666
   662,    89,   673
   663,    89,   673
   664,    90,   660
   665,    94,   630
   666,    91,   700
   667,    91,   700
   668,    90,   678
   669,    97,   668
   670,    76,   666
   671,   109,   656
   672,   109,   656
   673,    83,   670
   674,    92,   665
   675,    85,   664
   676,    85,   664
   677,    81,   661
   678,    90,   661
   679,    93,   634
   680,    92,   685
   681,    92,   685
   682,    83,   676
   683,    86,   676
   684,    61,   671
   685,    61,   671
   686,    97,   649
   687,    93,   699
   688,    95,   672
   689,    88,   674
   690,    88,   674
   691,    71,   669
   692,    80,   667
   693,    90,   662
   694,    90,   662
   695,    85,   694
   696,    94,   671
   697,    91,   660
   698,    89,   652
   699,    89,   652
   700,   140,   658
   701,    76,   659
   702,   129,   674
   703,   129,   674
   704,   127,   668
   705,   130,   698
   706,   161,   674
   707,   136,   688
   708,   136,   688
   709,   134,   687
   710,   136,   695
   711,   126,   686
   712,   126,   686
   713,   118,   681
   714,   143,   661
   715,   141,   704
   716,   141,   704
   717,   141,   704
   718,   137,   693
   719,   126,   688
   720,   156,   677
   721,   156,   677
   722,   147,   646
   723,   140,   712
   724,   142,   688
   725,   142,   688
   726,   140,   687
   727,   135,   680
   728,   139,   678
   729,   127,   718
   730,   127,   718
   731,   131,   700
   732,   127,   694
   733,   126,   687
   734,   126,   687
   735,   131,   683
   736,   120,   680
   737,   141,   652
   738,   130,   723
   739,   130,   723
   740,   131,   687
   741,   133,   690
   742,   140,   682
   743,   140,   682
   744,   114,   680
   745,   147,   680
   746,   120,   710
   747,   131,   689
   748,   131,   689
   749,   136,   702
   750,   123,   683
   751,   130,   694
   752,   130,   694
   753,   145,   677
   754,   139,   716
   755,   128,   691
   756,   129,   694
   757,   129,   694
   758,   124,   676
   759,   112,   676
   760,   127,   654
   761,   127,   654
   762,   141,   705
   763,   131,   694
   764,   126,   682
   765,   121,   689
   766,   121,   689
   767,   152,   668
   768,   138,   715
   769,   142,   695
   770,   142,   695
   771,   133,   683
   772,    82,   668
   773,    51,   659
   774,    90,   639
   775,    90,   639
   776,    88,   702
   777,    81,   675
   778,    77,   659
   779,    77,   659
   780,    69,   663
   781,    97,   651
   782,    75,   700
   783,    83,   671
   784,    83,   671
   785,    75,   679
   786,    74,   669
   787,    98,   669
   788,    98,   669
   789,    78,   648
   790,    70,   682
   791,    84,   663
   792,    84,   663
   793,    84,   663
   794,    65,   658
   795,   103,   651
   796,    81,   696
   797,    81,   696
   798,    96,   676
   799,    69,   666
   800,    73,   659
   801,    73,   659
   802,    71,   671
   803,    80,   622
   804,    80,   680
   805,    76,   669
   806,    76,   669
   807,    81,   666
   808,    71,   655
   809,   101,   639
   810,   101,   639
   811,    72,   696
   812,    78,   661
   813,    77,   675
   814,    77,   665
   815,    77,   665
   816,    97,   655
   817,    74,   707
   818,    82,   669
   819,    82,   669
   820,    75,   665
   821,    71,   668
   822,    84,   658
   823,    66,   614
   824,    66,   614
   825,    69,   688
   826,    77,   677
   827,    79,   671
   828,    79,   671
   829,    66,   657
   830,   102,   651
   831,    81,   697
   832,    80,   655
   833,    80,   655
   834,    82,   665
   835,    79,   669
   836,    58,   660
   837,    58,   660
   838,    86,   634
   839,    79,   704
   840,    83,   676
   841,    77,   663
   842,    77,   663
   843,    73,   658
   844,    96,   646
   845,    91,   689
   846,    91,   689
   847,    89,   672
   848,    82,   662
   849,    65,   659
   850,    65,   650
   851,    65,   650
   852,    76,   641
   853,    78,   687
   854,    80,   675
   855,    80,   675
   856,    81,   665
   857,    68,   658
   858,    76,   642
   859,    88,   692
   860,    88,   692
   861,    74,   678
   862,    78,   667
   863,    61,   671
   864,    61,   671
   865,    84,   658
   866,    86,   689
   867,    84,   674
   868,    84,   674
   869,    84,   674
   870,    73,   661
   871,    97,   650
   872,    80,   697
   873,    80,   697
   874,    65,   660
   875,    81,   673
   876,    74,   675
   877,    74,   675
   878,    82,   663
   879,    90,   635
   880,    79,   706
   881,    71,   666
   882,    71,   666
   883,    78,   664
   884,    76,   664
   885,    64,   665
   886,    64,   665
   887,    93,   653
   888,    70,   697
   889,    82,   678
   890,    73,   666
   891,    73,   666
   892,    72,   674
   893,   107,   656
   894,    82,   634
   895,    82,   634
   896,    71,   686
   897,    78,   667
   898,    77,   665
   899,    71,   661
   900,    71,   661
   901,    98,   648
   902,    64,   695
   903,    86,   676
   904,    86,   676
   905,    85,   668
   906,    69,   667
   907,    59,   658
   908,    85,   649
   909,    85,   649
   910,    81,   699
   911,    81,   670
   912,    75,   670
   913,    75,   670
   914,    81,   667
   915,    50,   654
   916,    74,   615
   917,    70,   680
   918,    70,   680
   919,    83,   661
   920,    78,   672
   921,    84,   676
   922,    84,   676
   923,    98,   653
   924,    93,   636
   925,    73,   673
   926,    79,   665
   927,    79,   665
   928,    88,   667
   929,    65,   657
   930,    86,   658
   931,    86,   658
   932,    96,   628
   933,    82,   690
   934,    79,   663
   935,    69,   665
   936,    69,   665
   937,    79,   677
   938,    65,   675
   939,   101,   653
   940,   101,   653
   941,    71,   708
   942,   128,   704
   943,   130,   687
   944,   130,   687
   945,   128,   693
   946,   121,   681
   947,   121,   681
   948,   140,   668
   949,   140,   668
   950,   129,   653
   951,   133,   709
   952,   119,   687
   953,   119,   687
   954,   117,   696
   955,   115,   688
   956,   107,   679
   957,   126,   646
   958,   126,   646
   959,   130,   711
   960,   132,   677
   961,   119,   697
   962,   119,   697
   963,   113,   686
   964,   150,   671
   965,   132,   723
   966,   126,   691
   967,   126,   691
   968,   118,   679
   969,   114,   680
   970,   132,   667
   971,   132,   667
   972,   128,   661
   973,   119,   698
   974,   132,   692
   975,   124,   678
   976,   124,   678
   977,   114,   671
   978,   133,   664
   979,   122,   720
   980,   122,   720
   981,   118,   680
   982,   128,   691
   983,   124,   696
   984,   114,   677
   985,   114,   677
   986,   126,   641
   987,   136,   714
   988,   123,   681
   989,   123,   681
   990,   124,   677
   991,   123,   687
   992,   139,   660
   993,   120,   721
   994,   120,   721
   995,   118,   697
   996,   126,   693
   997,   124,   693
   998,   124,   693
   999,   143,   675
  1000,   124,   721


NORTH #2:

     0,    83,   668
     1,    85,   660
     2,    69,   662
     3,    90,   651
     4,    90,   651
     5,    81,   720
     6,    88,   673
     7,    83,   670
     8,    79,   667
     9,    79,   667
    10,    88,   649
    11,    79,   639
    12,    87,   678
    13,    87,   678
    14,    88,   664
    15,    63,   661
    16,    60,   657
    17,    85,   647
    18,    85,   647
    19,    76,   695
    20,    91,   668
    21,    75,   665
    22,    75,   665
    23,    65,   665
    24,   108,   661
    25,    75,   639
    26,    86,   673
    27,    86,   673
    28,    81,   675
    29,    78,   664
    30,    77,   665
    31,    77,   665
    32,    89,   657
    33,    83,   653
    34,    82,   669
    35,    75,   674
    36,    75,   674
    37,    82,   665
    38,   100,   653
    39,    82,   633
    40,    82,   633
    41,    86,   684
    42,    78,   669
    43,    64,   669
    44,    64,   663
    45,    64,   663
    46,    97,   651
    47,    84,   702
    48,    79,   665
    49,    79,   665
    50,    77,   670
    51,    78,   665
    52,   105,   663
    53,    82,   667
    54,    82,   667
    55,    88,   678
    56,    63,   665
    57,    84,   666
    58,    84,   666
    59,    67,   669
    60,    88,   639
    61,    81,   686
    62,    81,   686
    63,    87,   675
    64,    67,   667
    65,    51,   661
    66,    90,   643
    67,    90,   643
    68,    93,   692
    69,    84,   671
    70,    82,   666
    71,    82,   666
    72,    79,   664
    73,   101,   655
    74,    93,   702
    75,    87,   663
    76,    87,   663
    77,    81,   672
    78,    71,   669
    79,    75,   657
    80,    75,   657
    81,    84,   638
    82,    75,   684
    83,    77,   668
    84,    87,   679
    85,    87,   679
    86,    67,   667
    87,   103,   658
    88,    88,   698
    89,    88,   698
    90,    80,   669
    91,    84,   670
    92,    80,   670
    93,   104,   657
    94,   104,   657
    95,    94,   644
    96,    86,   707
    97,    67,   666
    98,    67,   666
    99,    70,   663
   100,    77,   669
   101,    61,   665
   102,    90,   656
   103,    90,   656
   104,    80,   695
   105,    76,   664
   106,    80,   669
   107,    80,   669
   108,    82,   667
   109,    54,   657
   110,    95,   652
   111,    80,   694
   112,    80,   694
   113,    91,   664
   114,    86,   670
   115,    72,   670
   116,    72,   670
   117,    62,   663
   118,   101,   667
   119,    76,   642
   120,    86,   699
   121,    86,   699
   122,    89,   680
   123,    89,   666
   124,    78,   666
   125,    78,   666
   126,    63,   656
   127,    94,   651
   128,    86,   690
   129,    86,   690
   130,    86,   685
   131,    80,   670
   132,    85,   667
   133,   111,   664
   134,   111,   664
   135,   117,   677
   136,   116,   676
   137,   108,   713
   138,   108,   713
   139,   108,   683
   140,   119,   687
   141,   113,   695
   142,   106,   692
   143,   106,   692
   144,   125,   690
   145,   116,   660
   146,   113,   711
   147,   113,   711
   148,   121,   694
   149,   113,   681
   150,   108,   686
   151,   119,   685
   152,   119,   685
   153,   124,   666
   154,   114,   718
   155,   124,   678
   156,   124,   678
   157,   106,   694
   158,   104,   685
   159,    95,   658
   160,   135,   662
   161,   135,   662
   162,   102,   712
   163,   114,   660
   164,   119,   670
   165,   119,   670
   166,   113,   663
   167,   103,   662
   168,   123,   652
   169,   126,   706
   170,   126,   706
   171,   119,   670
   172,   116,   668
   173,   124,   669
   174,   124,   669
   175,   108,   668
   176,   125,   657
   177,   120,   666
   178,    84,   700
   179,    84,   700
   180,    85,   687
   181,    82,   676
   182,    84,   694
   183,    84,   694
   184,    96,   665
   185,    92,   644
   186,    89,   722
   187,    98,   669
   188,    98,   669
   189,    82,   687
   190,    75,   676
   191,   108,   671
   192,   108,   671
   193,   135,   654
   194,   109,   709
   195,   113,   681
   196,   113,   699
   197,   118,   699
   198,    76,   679
   199,    97,   673
   200,    84,   678
   201,    84,   678
   202,    83,   672
   203,    86,   672
   204,    75,   675
   205,    75,   675
   206,    78,   655
   207,    81,   633
   208,    81,   678
   209,    77,   669
   210,    77,   669
   211,    77,   678
   212,    58,   669
   213,    86,   627
   214,    86,   627
   215,    80,   708
   216,    82,   679
   217,    78,   665
   218,    69,   669
   219,    69,   669
   220,    80,   669
   221,    76,   699
   222,    77,   695
   223,    77,   695
   224,    81,   676
   225,    62,   675
   226,    89,   659
   227,    78,   708
   228,    78,   708
   229,    79,   670
   230,    83,   677
   231,    74,   677
   232,    74,   677
   233,    93,   669
   234,    78,   636
   235,    82,   700
   236,    74,   687
   237,    74,   687
   238,    79,   682
   239,    57,   671
   240,    78,   640
   241,    78,   640
   242,    81,   706
   243,    86,   675
   244,    88,   674
   245,    76,   665
   246,    76,   665
   247,    83,   669
   248,    85,   715
   249,    74,   685
   250,    74,   685
   251,    81,   674
   252,    86,   676
   253,    65,   661
   254,    75,   636
   255,    75,   636
   256,    76,   691
   257,    76,   681
   258,    85,   674
   259,    85,   674
   260,    73,   670
   261,    87,   654
   262,    89,   659
   263,    80,   679
   264,    80,   679
   265,    79,   685
   266,    72,   673
   267,    77,   670
   268,    77,   670
   269,   102,   657
   270,    73,   674
   271,    80,   685
   272,    88,   681
   273,    88,   681
   274,    82,   677
   275,    66,   663
   276,   100,   661
   277,   100,   661
   278,    72,   698
   279,    80,   687
   280,    78,   687
   281,    78,   687
   282,    74,   683
   283,    66,   664
   284,    80,   635
   285,    83,   697
   286,    83,   697
   287,    73,   685
   288,    80,   675
   289,    82,   677
   290,    82,   677
   291,    91,   658
   292,    71,   701
   293,    81,   674
   294,    72,   676
   295,    72,   676
   296,    78,   678
   297,    93,   672
   298,    76,   629
   299,    76,   629
   300,    74,   683
   301,    85,   676
   302,    75,   671
   303,    89,   671
   304,    89,   671
   305,    94,   664
   306,    74,   660
   307,    86,   702
   308,    86,   702
   309,    69,   687
   310,    74,   683
   311,    76,   670
   312,    64,   675
   313,    64,   675
   314,    81,   643
   315,    83,   729
   316,    90,   673
   317,    90,   673
   318,    80,   681
   319,    86,   682
   320,    71,   669
   321,    93,   652
   322,    93,   652
   323,    87,   688
   324,    82,   680
   325,    81,   682
   326,    81,   682
   327,    72,   678
   328,    71,   668
   329,    88,   659
   330,    84,   704
   331,    84,   704
   332,    82,   678
   333,    70,   679
   334,    75,   679
   335,    75,   679
   336,    56,   666
   337,    89,   662
   338,    80,   706
   339,    84,   683
   340,    84,   683
   341,    83,   671
   342,    77,   672
   343,    68,   673
   344,    68,   673
   345,    72,   636
   346,    76,   710
   347,    87,   695
   348,    87,   695
   349,    87,   695
   350,    80,   665
   351,    91,   660
   352,    82,   662
   353,    82,   662
   354,    76,   685
   355,    81,   677
   356,    81,   677
   357,    81,   677
   358,    48,   661
   359,    84,   659
   360,    79,   694
   361,    76,   684
   362,    76,   684
   363,    81,   667
   364,    64,   671
   365,    89,   648
   366,    89,   648
   367,    76,   699
   368,    82,   672
   369,    79,   671
   370,    80,   671
   371,    80,   671
   372,    94,   662
   373,    84,   637
   374,    71,   693
   375,    71,   693
   376,    84,   680
   377,    79,   678
   378,    67,   670
   379,    98,   651
   380,    98,   651
   381,    86,   707
   382,    77,   682
   383,    82,   669
   384,    82,   669
   385,    77,   679
   386,   103,   670
   387,    80,   658
   388,    84,   702
   389,    84,   702
   390,    80,   688
   391,    76,   690
   392,    77,   683
   393,    77,   683
   394,    60,   668
   395,   103,   666
   396,    76,   715
   397,    88,   676
   398,    88,   676
   399,    85,   672
   400,    76,   680
   401,    74,   673
   402,    74,   673
   403,    92,   666
   404,    91,   660
   405,    90,   704
   406,    80,   689
   407,    80,   689
   408,    69,   673
   409,    71,   671
   410,    61,   670
   411,    61,   670
   412,    88,   655
   413,    79,   726
   414,    76,   677
   415,    73,   688
   416,    73,   688
   417,    80,   682
   418,    67,   678
   419,    84,   670
   420,    84,   670
   421,    87,   639
   422,    85,   698
   423,    86,   661
   424,    86,   661
   425,    88,   682
   426,    79,   673
   427,    73,   670
   428,   106,   667
   429,   106,   667
   430,    89,   655
   431,    67,   700
   432,    79,   670
   433,    79,   670
   434,    73,   669
   435,    80,   686
   436,    74,   684
   437,    96,   670
   438,    96,   670
   439,    81,   643
   440,    78,   695
   441,    82,   672
   442,    82,   672
   443,    86,   679
   444,    76,   676
   445,    56,   669
   446,   106,   667
   447,   106,   667
   448,    87,   643
   449,    73,   694
   450,    91,   681
   451,    91,   681
   452,    88,   680
   453,    73,   671
   454,    68,   669
   455,    86,   646
   456,    86,   646
   457,    82,   718
   458,    79,   688
   459,    76,   678
   460,    76,   678
   461,    64,   678
   462,    81,   652
   463,    77,   707
   464,    88,   690
   465,    88,   690
   466,    78,   671
   467,    82,   679
   468,    62,   674
   469,    62,   674
   470,    95,   659
   471,    83,   693
   472,    84,   684
   473,    75,   683
   474,    75,   683
   475,    77,   675
   476,    79,   675
   477,    77,   648
   478,    77,   648
   479,    77,   705
   480,    85,   673
   481,    77,   675
   482,    72,   676
   483,    72,   676
   484,   101,   658
   485,    70,   716
   486,    77,   683
   487,    77,   683
   488,    85,   691
   489,    83,   689
   490,    65,   663
   491,    65,   663
   492,    95,   656
   493,    87,   701
   494,    83,   673
   495,    76,   666
   496,    76,   666
   497,    70,   676
   498,    82,   665
   499,    92,   652
   500,    92,   652
   501,    73,   697
   502,    83,   670
   503,    81,   683
   504,    71,   675
   505,    71,   675
   506,    61,   676
   507,   101,   677
   508,    80,   664
   509,    80,   664
   510,    85,   710
   511,    81,   684
   512,    80,   679
   513,    80,   675
   514,    80,   675
   515,    68,   674
   516,    86,   660
   517,    79,   697
   518,    79,   697
   519,    87,   672
   520,    91,   672
   521,    62,   667
   522,    96,   668
   523,    96,   668
   524,    88,   643
   525,    83,   707
   526,    76,   679
   527,    76,   679
   528,    78,   679
   529,    63,   668
   530,    98,   661
   531,    77,   706
   532,    77,   706
   533,    77,   676
   534,    92,   677
   535,    62,   674
   536,    62,   674
   537,    66,   666
   538,    84,   653
   539,    84,   696
   540,    80,   679
   541,    80,   679
   542,    78,   675
   543,    63,   673
   544,    92,   659
   545,    92,   659
   546,    80,   707
   547,    84,   671
   548,    86,   681
   549,    83,   677
   550,    83,   677
   551,    66,   678
   552,    93,   641
   553,    89,   726
   554,    89,   726
   555,    84,   685
   556,    84,   676
   557,    78,   671
   558,   100,   659
   559,   100,   659
   560,    86,   700
   561,    74,   675
   562,    84,   676
   563,    84,   676
   564,    84,   675
   565,    75,   670
   566,    78,   644
   567,    78,   644
   568,    83,   694
   569,    80,   677
   570,    83,   669
   571,    69,   666
   572,    69,   666
   573,    76,   651
   574,    75,   696
   575,    89,   670
   576,    89,   670
   577,    82,   677
   578,    81,   675
   579,   135,   670
   580,   122,   723
   581,   122,   723
   582,   113,   692
   583,   109,   692
   584,   108,   687
   585,   108,   687
   586,    96,   672
   587,   126,   670
   588,   124,   714
   589,   124,   693
   590,   124,   693
   591,   127,   688
   592,   125,   679
   593,   124,   682
   594,   124,   682
   595,   124,   656
   596,   127,   699
   597,   124,   697
   598,   115,   686
   599,   115,   686
   600,   112,   676
   601,   121,   668
   602,   119,   717
   603,   119,   717
   604,   125,   687
   605,   119,   683
   606,   130,   682
   607,   110,   671
   608,   110,   671
   609,   130,   668
   610,   136,   718
   611,   125,   697
   612,   125,   697
   613,   123,   696
   614,   115,   690
   615,   116,   674
   616,   120,   656
   617,   120,   656
   618,   111,   696
   619,    92,   673
   620,   137,   698
   621,   137,   698
   622,   115,   677
   623,   166,   660
   624,   122,   722
   625,   148,   695
   626,   148,   695
   627,   140,   700
   628,   143,   692
   629,   115,   682
   630,   115,   682
   631,   144,   644
   632,   129,   714
   633,   136,   687
   634,   135,   686
   635,   135,   686
   636,   127,   682
   637,   163,   680
   638,   122,   730
   639,   122,   730
   640,   136,   696
   641,   138,   692
   642,   137,   696
   643,   137,   696
   644,    77,   672
   645,   117,   726
   646,   120,   681
   647,   117,   684
   648,   117,   684
   649,   116,   676
   650,   129,   669
   651,   119,   676
   652,   119,   676
   653,   121,   693
   654,   125,   692
   655,   121,   696
   656,   107,   689
   657,   107,   689
   658,   145,   683
   659,   109,   712
   660,   121,   682
   661,   121,   682
   662,   122,   693
   663,   118,   680
   664,    96,   686
   665,   129,   655
   666,   129,   655
   667,   120,   726
   668,   122,   695
   669,   123,   696
   670,   123,   696
   671,   113,   693
   672,   139,   669
   673,   123,   716
   674,   128,   692
   675,   128,   692
   676,   114,   689
   677,   126,   687
   678,   109,   679
   679,   109,   679
   680,   125,   671
   681,   117,   713
   682,   118,   694
   683,   120,   685
   684,   120,   685
   685,   106,   692
   686,   136,   661
   687,   118,   704
   688,   118,   704
   689,   119,   682
   690,   126,   681
   691,   120,   681
   692,   119,   677
   693,   119,   677
   694,   164,   675
   695,   126,   652
   696,   127,   722
   697,   127,   722
   698,   123,   686
   699,   122,   685
   700,   108,   685
   701,   105,   670
   702,   105,   670
   703,   128,   665
   704,   125,   717
   705,   127,   693
   706,   127,   693
   707,   116,   681
   708,   111,   674
   709,    62,   701
   710,   119,   636
   711,   119,   636
   712,   119,   686
   713,   121,   677
   714,   116,   673
   715,   116,   673
   716,   130,   664
   717,    97,   658
   718,   118,   653
   719,   118,   653
   720,   112,   700
   721,   114,   667
   722,   119,   682
   723,   105,   662
   724,   105,   662
   725,   131,   660
   726,   111,   629
   727,   120,   672
   728,   120,   672
   729,   113,   670
   730,   117,   668
   731,    99,   657
   732,   109,   632
   733,   109,   632
   734,   116,   683
   735,   132,   677
   736,   120,   680
   737,   120,   680
   738,   120,   674
   739,   142,   664
   740,   126,   730
   741,   124,   696
   742,   124,   696
   743,   122,   679
   744,   122,   684
   745,   117,   681
   746,   117,   681
   747,   134,   672
   748,   142,   658
   749,   114,   697
   750,   114,   684
   751,   114,   684
   752,   123,   693
   753,   119,   683
   754,   121,   684
   755,   121,   684
   756,   140,   686
   757,   126,   682
   758,   121,   694
   759,   131,   691
   760,   131,   691
   761,   125,   683
   762,   100,   681
   763,   129,   673
   764,   129,   673
   765,   128,   657
   766,   128,   700
   767,   124,   693
   768,   132,   686
   769,   132,   686
   770,   121,   675
   771,   120,   681
   772,   125,   643
   773,   125,   643
   774,   122,   710
   775,   133,   685
   776,   126,   675
   777,   100,   669
   778,   100,   669
   779,   131,   660
   780,   133,   710
   781,   132,   680
   782,   132,   680
   783,   129,   679
   784,   106,   683
   785,   149,   670
   786,   132,   630
   787,   132,   630
   788,   127,   705
   789,   119,   686
   790,   121,   688
   791,   121,   688
   792,   124,   676
   793,   113,   681
   794,   151,   661
   795,   151,   661
   796,   128,   635
   797,   135,   707
   798,   120,   675
   799,   119,   676
   800,   119,   676
   801,   123,   666
   802,   116,   663
   803,   133,   649
   804,   133,   649
   805,   133,   708
   806,   119,   685
   807,   123,   680
   808,   126,   674
   809,   126,   674
   810,   122,   678
   811,   143,   664
   812,   135,   701
   813,   135,   701
   814,   130,   687
   815,   127,   680
   816,   116,   676
   817,   148,   668
   818,   148,   668
   819,   135,   635
   820,   131,   707
   821,   126,   685
   822,   126,   685
   823,   122,   687
   824,   115,   690
   825,   136,   666
   826,   122,   638
   827,   122,   638
   828,   127,   697
   829,   128,   683
   830,   119,   678
   831,   119,   678
   832,    98,   678
   833,   136,   668
   834,   124,   719
   835,   125,   688
   836,   125,   688
   837,   119,   687
   838,   121,   686
   839,   118,   678
   840,   118,   678
   841,   142,   666
   842,   124,   720
   843,   124,   702
   844,   123,   681
   845,   123,   681
   846,   121,   686
   847,   143,   673
   848,   115,   651
   849,   115,   651
   850,   122,   694
   851,    66,   678
   852,   118,   682
   853,   103,   677
   854,   103,   677
   855,   134,   668
   856,   120,   714
   857,   115,   699
   858,   115,   699
   859,   120,   690
   860,   114,   676
   861,   136,   678
   862,   119,   689
   863,   119,   689
   864,   128,   682
   865,   116,   685
   866,   104,   681
   867,   104,   681
   868,   127,   674
   869,   117,   665
   870,   123,   720
   871,   123,   720
   872,   121,   692
   873,   122,   701
   874,    67,   730
   875,   129,   679
   876,   129,   679
   877,   125,   660
   878,   116,   720
   879,   115,   692
   880,   115,   692
   881,   123,   686
   882,   113,   685
   883,   100,   678
   884,   127,   666
   885,   127,   666
   886,   130,   723
   887,    96,   682
   888,   102,   681
   889,   102,   681
   890,   113,   690
   891,   109,   689
   892,   143,   685
   893,   130,   697
   894,   130,   697
   895,   114,   695
   896,   117,   692
   897,   121,   687
   898,   121,   687
   899,    97,   677
   900,   133,   668
   901,   109,   669
   902,   112,   687
   903,   112,   687
   904,   119,   668
   905,    97,   680
   906,    71,   681
   907,    71,   681
   908,   106,   668
   909,   101,   645
   910,    97,   717
   911,    96,   691
   912,    96,   691
   913,    95,   698
   914,    78,   680
   915,    78,   679
   916,    78,   679
   917,   109,   672
   918,    95,   646
   919,    96,   708
   920,    90,   680
   921,    90,   680
   922,    89,   678
   923,   132,   662
   924,   122,   659
   925,   122,   659
   926,   122,   634
   927,   124,   700
   928,   129,   671
   929,   132,   676
   930,   132,   676
   931,   132,   679
   932,   164,   668
   933,   144,   694
   934,   144,   694
   935,   146,   689
   936,   143,   695
   937,   136,   689
   938,   136,   680
   939,   133,   680
   940,   161,   663
   941,   142,   702
   942,   149,   694
   943,   149,   694
   944,   137,   686
   945,   137,   685
   946,   131,   672
   947,   131,   672
   948,   143,   662
   949,   141,   721
   950,   142,   696
   951,   138,   679
   952,   138,   679
   953,   128,   677
   954,   136,   677
   955,   139,   636
   956,   139,   636
   957,   145,   708
   958,   152,   683
   959,    96,   656
   960,   113,   663
   961,   113,   663
   962,   156,   660
   963,   118,   667
   964,   112,   679
   965,   112,   679
   966,   122,   671
   967,   116,   661
   968,   103,   653
   969,   121,   628
   970,   121,   628
   971,   126,   689
   972,   119,   677
   973,   124,   664
   974,   124,   664
   975,    91,   655
   976,   131,   648
   977,   125,   703
   978,   124,   670
   979,   124,   670
   980,   118,   668
   981,   115,   669
   982,   132,   669
   983,   132,   669
   984,   117,   644
   985,   112,   698
   986,   128,   678
   987,   122,   672
   988,   122,   672
   989,   116,   663
   990,   119,   664
   991,   144,   660
   992,   144,   660
   993,   110,   655
   994,   111,   694
   995,   119,   673
   996,   125,   671
   997,   125,   671
   998,   112,   668
   999,   103,   672
  1000,   129,   658


NORTH #3:

     0,   137,   694
     1,   137,   694
     2,   141,   690
     3,   113,   678
     4,   123,   674
     5,   155,   673
     6,   155,   673
     7,   141,   726
     8,   130,   684
     9,   135,   691
    10,   135,   691
    11,   121,   674
    12,   144,   673
    13,   127,   659
    14,   138,   701
    15,   138,   701
    16,   130,   695
    17,   120,   685
    18,   123,   684
    19,   123,   684
    20,   150,   678
    21,   135,   714
    22,   121,   683
    23,   134,   686
    24,   134,   686
    25,   117,   676
    26,   154,   660
    27,   131,   708
    28,   131,   708
    29,   139,   680
    30,   118,   682
    31,   117,   678
    32,   141,   652
    33,   141,   652
    34,   120,   728
    35,   122,   682
    36,   126,   674
    37,   126,   674
    38,   159,   668
    39,   130,   712
    40,   132,   686
    41,   128,   690
    42,   128,   690
    43,   130,   681
    44,   136,   669
    45,   133,   716
    46,   133,   716
    47,   134,   673
    48,    90,   649
    49,   125,   670
    50,   150,   659
    51,   150,   659
    52,   138,   642
    53,   122,   672
    54,   126,   676
    55,   126,   676
    56,   116,   670
    57,   152,   661
    58,   128,   670
    59,   123,   682
    60,   123,   682
    61,   128,   685
    62,   129,   671
    63,   146,   660
    64,   146,   660
    65,   128,   640
    66,   125,   668
    67,   129,   681
    68,   123,   678
    69,   123,   678
    70,   143,   658
    71,   138,   701
    72,   124,   674
    73,   124,   674
    74,   127,   677
    75,   117,   668
    76,   113,   661
    77,   113,   661
    78,   113,   638
    79,   132,   703
    80,   140,   678
    81,   129,   692
    82,   129,   692
    83,   108,   670
    84,   133,   655
    85,   132,   714
    86,   132,   714
    87,   126,   675
    88,   129,   684
    89,   120,   673
    90,   156,   659
    91,   156,   659
    92,   122,   655
    93,   122,   692
    94,   124,   674
    95,   124,   674
    96,   121,   676
    97,   118,   663
    98,   143,   654
    99,   133,   712
   100,   133,   712
   101,   136,   680
   102,   128,   677
   103,   121,   672
   104,   121,   672
   105,   150,   655
   106,   122,   713
   107,   131,   666
   108,   120,   677
   109,   120,   677
   110,   106,   661
   111,   127,   639
   112,   130,   688
   113,   130,   688
   114,   129,   675
   115,   129,   679
   116,   129,   671
   117,   126,   635
   118,   126,   635
   119,   121,   675
   120,   122,   672
   121,   130,   668
   122,   130,   668
   123,   137,   666
   124,   123,   640
   125,   135,   691
   126,   125,   681
   127,   125,   681
   128,   134,   669
   129,   130,   666
   130,   126,   658
   131,   126,   658
   132,   124,   698
   133,   136,   688
   134,   129,   684
   135,   123,   666
   136,   123,   666
   137,   151,   660
   138,   131,   654
   139,   128,   679
   140,   128,   679
   141,   125,   681
   142,   123,   676
   143,   125,   674
   144,   117,   647
   145,   117,   647
   146,   126,   703
   147,   139,   687
   148,   127,   672
   149,   127,   672
   150,   115,   668
   151,   144,   653
   152,   131,   707
   153,   130,   676
   154,   130,   676
   155,   126,   680
   156,   120,   669
   157,   126,   648
   158,   126,   648
   159,   132,   693
   160,   121,   670
   161,   128,   677
   162,   128,   677
   163,   119,   677
   164,   135,   656
   165,    91,   690
   166,   125,   689
   167,   125,   689
   168,   123,   669
   169,   124,   673
   170,   126,   653
   171,   126,   653
   172,   133,   697
   173,   129,   689
   174,   111,   677
   175,   140,   664
   176,   140,   664
   177,   126,   722
   178,   125,   691
   179,   123,   674
   180,   123,   674
   181,   121,   673
   182,    99,   670
   183,   123,   655
   184,   119,   701
   185,   119,   701
   186,   126,   693
   187,   119,   686
   188,   117,   683
   189,   117,   683
   190,    88,   667
   191,   130,   653
   192,   124,   708
   193,   121,   684
   194,   121,   684
   195,   115,   693
   196,   127,   674
   197,   155,   668
   198,   155,   668
   199,   115,   712
   200,   122,   683
   201,   119,   677
   202,   119,   684
   203,   119,   684
   204,   112,   673
   205,   135,   675
   206,   116,   703
   207,   116,   703
   208,   124,   669
   209,   130,   674
   210,   105,   670
   211,   133,   662
   212,   133,   662
   213,   123,   664
   214,   114,   673
   215,    84,   683
   216,    84,   683
   217,   125,   677
   218,   131,   657
   219,   150,   664
   220,   136,   646
   221,   136,   646
   222,   139,   688
   223,   135,   680
   224,   139,   669
   225,   139,   669
   226,   136,   666
   227,   150,   656
   228,   141,   648
   229,   136,   686
   230,   136,   686
   231,   143,   668
   232,    79,   661
   233,    68,   663
   234,    68,   663
   235,   105,   668
   236,    86,   713
   237,    95,   684
   238,    95,   684
   239,    95,   684
   240,    83,   673
   241,   114,   665
   242,    90,   654
   243,    90,   654
   244,   100,   695
   245,   102,   677
   246,    89,   675
   247,    89,   675
   248,    63,   664
   249,   104,   650
   250,    93,   614
   251,    94,   698
   252,    94,   698
   253,   103,   675
   254,    90,   687
   255,    87,   667
   256,    87,   667
   257,   117,   663
   258,    83,   621
   259,    84,   688
   260,    95,   677
   261,    95,   677
   262,    91,   674
   263,    76,   663
   264,   101,   658
   265,   101,   658
   266,    79,   678
   267,    78,   677
   268,    88,   674
   269,    81,   673
   270,    81,   673
   271,    82,   669
   272,   115,   663
   273,    88,   700
   274,    88,   700
   275,   100,   670
   276,    96,   680
   277,    94,   675
   278,    92,   669
   279,    92,   669
   280,   115,   654
   281,    90,   629
   282,    92,   690
   283,    92,   690
   284,    95,   670
   285,    94,   672
   286,    70,   677
   287,   107,   653
   288,   107,   653
   289,    91,   642
   290,    84,   699
   291,    87,   672
   292,    87,   672
   293,    88,   678
   294,    66,   659
   295,    93,   642
   296,    91,   710
   297,    91,   710
   298,    87,   672
   299,   102,   698
   300,    70,   673
   301,    70,   673
   302,   125,   639
   303,    98,   627
   304,    92,   675
   305,    96,   682
   306,    96,   682
   307,    86,   671
   308,    85,   666
   309,   107,   652
   310,   107,   652
   311,    92,   702
   312,    90,   659
   313,    94,   665
   314,    94,   665
   315,    82,   660
   316,    78,   655
   317,    94,   651
   318,    91,   689
   319,    91,   689
   320,    93,   667
   321,    88,   671
   322,    88,   669
   323,    88,   669
   324,   100,   662
   325,   116,   639
   326,   122,   697
   327,    93,   678
   328,    93,   678
   329,    95,   666
   330,    76,   678
   331,   100,   659
   332,   100,   659
   333,    76,   701
   334,    86,   675
   335,    76,   684
   336,    73,   683
   337,    73,   683
   338,   130,   671
   339,   112,   723
   340,   124,   684
   341,   124,   684
   342,   116,   684
   343,    93,   669
   344,    75,   675
   345,    98,   632
   346,    98,   632
   347,    80,   690
   348,    92,   665
   349,    87,   667
   350,    87,   667
   351,    76,   661
   352,    98,   635
   353,   107,   693
   354,    98,   672
   355,    98,   672
   356,    86,   665
   357,    85,   662
   358,    86,   653
   359,    86,   653
   360,   102,   651
   361,    86,   697
   362,    85,   666
   363,    78,   665
   364,    78,   665
   365,    87,   667
   366,    73,   663
   367,    84,   652
   368,    84,   652
   369,    83,   693
   370,    90,   678
   371,   197,   651
   372,   123,   681
   373,   123,   681
   374,   136,   675
   375,   124,   658
   376,   134,   710
   377,   134,   710
   378,   126,   682
   379,   131,   684
   380,   125,   676
   381,   140,   678
   382,   140,   678
   383,   126,   639
   384,   117,   703
   385,   118,   683
   386,   118,   683
   387,   121,   686
   388,   119,   682
   389,   129,   669
   390,   129,   669
   391,   125,   701
   392,   121,   676
   393,   122,   691
   394,   124,   679
   395,   124,   679
   396,   108,   677
   397,   147,   671
   398,   108,   648
   399,   108,   648
   400,   120,   714
   401,   126,   683
   402,   133,   686
   403,   117,   673
   404,   117,   673
   405,   158,   665
   406,   134,   736
   407,   134,   682
   408,   134,   682
   409,   132,   674
   410,    94,   670
   411,    72,   669
   412,   100,   632
   413,   100,   632
   414,   101,   633
   415,    97,   682
   416,    82,   659
   417,    82,   659
   418,    85,   668
   419,    82,   655
   420,   149,   657
   421,   142,   699
   422,   142,   699
   423,   128,   676
   424,   142,   671
   425,   132,   665
   426,   132,   665
   427,   160,   654
   428,   138,   624
   429,   137,   690
   430,   138,   673
   431,   138,   673
   432,   140,   662
   433,   134,   665
   434,   119,   656
   435,   119,   656
   436,   149,   640
   437,   139,   688
   438,   144,   678
   439,   128,   662
   440,   128,   662
   441,   123,   669
   442,   153,   661
   443,   146,   704
   444,   146,   704
   445,   152,   659
   446,   144,   672
   447,   132,   666
   448,   161,   654
   449,   161,   654
   450,   125,   635
   451,   135,   685
   452,   144,   671
   453,   144,   671
   454,   135,   676
   455,   124,   661
   456,   146,   638
   457,   144,   688
   458,   144,   688
   459,   143,   666
   460,   137,   666
   461,   128,   659
   462,   128,   659
   463,   138,   647
   464,   127,   670
   465,   133,   662
   466,   133,   662
   467,   137,   674
   468,   129,   674
   469,   138,   663
   470,   132,   641
   471,   132,   641
   472,   137,   684
   473,   134,   670
   474,   138,   664
   475,   138,   664
   476,   138,   661
   477,   158,   648
   478,   143,   671
   479,   128,   672
   480,   128,   672
   481,   136,   673
   482,   136,   671
   483,   125,   660
   484,   125,   660
   485,   144,   653
   486,   140,   691
   487,   143,   670
   488,   130,   668
   489,   130,   668
   490,   140,   671
   491,   165,   662
   492,   127,   655
   493,   127,   655
   494,   151,   681
   495,   132,   668
   496,   131,   664
   497,   123,   668
   498,   123,   668
   499,   143,   640
   500,   129,   703
   501,   137,   667
   502,   137,   667
   503,   137,   672
   504,   133,   665
   505,   142,   645
   506,   131,   630
   507,   131,   630
   508,   139,   702
   509,   146,   670
   510,   132,   662
   511,   132,   662
   512,   116,   664
   513,   144,   653
   514,   142,   661
   515,   147,   703
   516,   147,   703
   517,   139,   666
   518,   135,   672
   519,   138,   660
   520,   138,   660
   521,   157,   654
   522,   136,   664
   523,   127,   673
   524,   137,   673
   525,   137,   673
   526,   145,   661
   527,   104,   655
   528,   143,   638
   529,   143,   638
   530,   146,   665
   531,    78,   677
   532,    95,   681
   533,    93,   678
   534,    93,   678
   535,    79,   666
   536,   101,   651
   537,    93,   716
   538,    93,   716
   539,    91,   677
   540,    91,   670
   541,    86,   667
   542,    86,   667
   543,    79,   666
   544,   112,   662
   545,    89,   635
   546,    95,   665
   547,    95,   665
   548,    98,   668
   549,    91,   667
   550,    80,   679
   551,    80,   679
   552,   108,   655
   553,    94,   701
   554,    97,   672
   555,    91,   678
   556,    91,   678
   557,    85,   670
   558,    74,   660
   559,   114,   653
   560,   114,   653
   561,    87,   668
   562,    96,   685
   563,    92,   678
   564,    88,   670
   565,    88,   670
   566,    79,   673
   567,    88,   666
   568,    99,   651
   569,    99,   651
   570,    95,   685
   571,    89,   682
   572,    91,   667
   573,    82,   663
   574,    82,   663
   575,     4,   672
   576,   131,   715
   577,   132,   686
   578,   132,   686
   579,   133,   689
   580,   113,   661
   581,   129,   684
   582,   123,   686
   583,   123,   686
   584,   118,   688
   585,   114,   673
   586,   130,   648
   587,   130,   648
   588,   120,   685
   589,   117,   682
   590,   109,   679
   591,   123,   677
   592,   123,   677
   593,   126,   671
   594,   122,   718
   595,   129,   690
   596,   129,   690
   597,   127,   695
   598,   123,   683
   599,   118,   679
   600,   129,   651
   601,   129,   651
   602,   129,   711
   603,   123,   689
   604,   122,   680
   605,   122,   680
   606,   124,   682
   607,   115,   676
   608,   127,   663
   609,   124,   722
   610,   124,   722
   611,   131,   690
   612,   125,   694
   613,   121,   689
   614,   121,   689
   615,   158,   665
   616,   116,   652
   617,   127,   696
   618,   127,   696
   619,   126,   688
   620,   115,   670
   621,    86,   674
   622,   150,   647
   623,   150,   647
   624,   137,   695
   625,   137,   678
   626,   146,   678
   627,   146,   678
   628,   130,   668
   629,   123,   667
   630,   149,   663
   631,   138,   702
   632,   138,   702
   633,   135,   684
   634,   141,   683
   635,   136,   673
   636,   136,   673
   637,   132,   674
   638,   130,   671
   639,   147,   651
   640,   138,   644
   641,   138,   644
   642,   134,   701
   643,   132,   691
   644,   133,   679
   645,   133,   679
   646,   136,   683
   647,   113,   681
   648,   135,   672
   649,   131,   718
   650,   131,   718
   651,   137,   686
   652,   129,   695
   653,   133,   702
   654,   133,   702
   655,   162,   679
   656,   132,   646
   657,   140,   715
   658,   141,   683
   659,   141,   683
   660,   134,   684
   661,   131,   685
   662,   121,   683
   663,   121,   683
   664,   151,   670
   665,   138,   680
   666,   137,   698
   667,   128,   678
   668,   128,   678
   669,   131,   683
   670,   114,   682
   671,   126,   687
   672,   126,   687
   673,   151,   667
   674,   134,   703
   675,   124,   680
   676,    85,   686
   677,    85,   686
   678,    91,   684
   679,    93,   667
   680,   103,   660
   681,   103,   660
   682,    99,   651
   683,    93,   684
   684,    94,   667
   685,    94,   670
   686,    95,   670
   687,    98,   670
   688,    82,   667
   689,   108,   661
   690,   108,   661
   691,    94,   712
   692,    92,   678
   693,    93,   679
   694,    93,   679
   695,    82,   663
   696,    90,   668
   697,   121,   665
   698,    98,   648
   699,    98,   648
   700,   105,   716
   701,    97,   691
   702,    86,   675
   703,    86,   675
   704,    87,   668
   705,    68,   669
   706,    89,   638
   707,    91,   690
   708,    91,   690
   709,    93,   671
   710,    90,   670
   711,    90,   660
   712,    90,   660
   713,    95,   649
   714,    93,   701
   715,    89,   680
   716,    91,   681
   717,    91,   681
   718,    89,   671
   719,   100,   672
   720,   111,   651
   721,   111,   651
   722,    99,   710
   723,    88,   673
   724,    94,   684
   725,    84,   670
   726,    84,   670
   727,   105,   662
   728,    87,   637
   729,    85,   701
   730,    85,   701
   731,    81,   672
   732,    90,   671
   733,    76,   664
   734,   141,   666
   735,   141,   666
   736,   135,   697
   737,   131,   673
   738,   117,   686
   739,   117,   686
   740,   120,   685
   741,   122,   684
   742,   124,   660
   743,   128,   707
   744,   128,   707
   745,   117,   686
   746,   122,   687
   747,   105,   685
   748,   105,   685
   749,   131,   665
   750,   121,   700
   751,   132,   680
   752,   122,   690
   753,   122,   690
   754,   115,   687
   755,   106,   680
   756,   131,   651
   757,   131,   651
   758,   122,   704
   759,   127,   687
   760,   117,   684
   761,   117,   683
   762,   110,   683
   763,   140,   685
   764,   119,   709
   765,   130,   691
   766,   130,   691
   767,    78,   669
   768,   140,   658
   769,   157,   657
   770,   157,   657
   771,   138,   641
   772,   136,   690
   773,   142,   672
   774,   121,   680
   775,   121,   680
   776,   131,   663
   777,   148,   662
   778,   137,   701
   779,   137,   701
   780,   135,   671
   781,   129,   672
   782,   124,   673
   783,   110,   663
   784,   110,   663
   785,   132,   646
   786,   138,   691
   787,   148,   683
   788,   148,   683
   789,   144,   678
   790,   128,   667
   791,   162,   653
   792,   142,   666
   793,   142,   666
   794,   141,   692
   795,   135,   673
   796,   131,   668
   797,   131,   668
   798,   130,   659
   799,   148,   651
   800,   138,   702
   801,   142,   667
   802,   142,   667
   803,   137,   662
   804,   137,   669
   805,   160,   660
   806,   160,   660
   807,   141,   710
   808,   141,   683
   809,   140,   684
   810,   124,   668
   811,   124,   668
   812,   166,   660
   813,   128,   635
   814,   149,   676
   815,   149,   676
   816,   133,   677
   817,   140,   670
   818,   141,   673
   819,   128,   722
   820,   128,   722
   821,   116,   689
   822,   123,   682
   823,   117,   678
   824,   117,   678
   825,   124,   647
   826,   121,   710
   827,   123,   681
   828,   118,   675
   829,   118,   675
   830,   104,   681
   831,   142,   657
   832,   133,   721
   833,   133,   721
   834,    68,   676
   835,   132,   677
   836,   139,   670
   837,   136,   668
   838,   136,   668
   839,   139,   651
   840,   139,   713
   841,   139,   682
   842,   139,   682
   843,   144,   674
   844,   145,   664
   845,   120,   656
   846,   120,   656
   847,   153,   644
   848,   146,   692
   849,   124,   655
   850,   137,   667
   851,   137,   667
   852,   133,   672
   853,   160,   660
   854,   138,   647
   855,   138,   647
   856,   140,   690
   857,   130,   666
   858,   139,   674
   859,   129,   667
   860,   129,   667
   861,   152,   655
   862,   142,   690
   863,   131,   668
   864,   131,   668
   865,   133,   674
   866,   137,   685
   867,   168,   666
   868,   138,   650
   869,   138,   650
   870,   144,   695
   871,   137,   670
   872,   140,   670
   873,   140,   670
   874,   121,   663
   875,   160,   651
   876,   141,   675
   877,   143,   682
   878,   143,   682
   879,   137,   682
   880,   124,   669
   881,   123,   667
   882,   123,   667
   883,   143,   671
   884,   131,   726
   885,   138,   672
   886,   134,   670
   887,   134,   670
   888,   133,   671
   889,   167,   655
   890,   140,   634
   891,   140,   634
   892,   134,   690
   893,   137,   673
   894,   139,   668
   895,   127,   663
   896,   127,   663
   897,   164,   664
   898,   138,   691
   899,   143,   683
   900,   143,   683
   901,   137,   685
   902,   136,   674
   903,   121,   667
   904,   157,   663
   905,   157,   663
   906,   139,   633
   907,   133,   685
   908,   139,   679
   909,   139,   679
   910,   146,   665
   911,   138,   665
   912,   137,   650
   913,   151,   638
   914,   151,   638
   915,   149,   694
   916,   127,   670
   917,   140,   679
   918,   140,   679
   919,   131,   679
   920,   160,   664
   921,   140,   648
   922,   140,   648
   923,   134,   689
   924,   133,   664
   925,   133,   672
   926,   122,   660
   927,   122,   660
   928,   123,   685
   929,   130,   707
   930,   136,   677
   931,   136,   677
   932,   121,   675
   933,   118,   674
   934,   111,   665
   935,   128,   644
   936,   128,   644
   937,   138,   721
   938,   134,   667
   939,   119,   677
   940,   119,   677
   941,   118,   680
   942,   128,   664
   943,   131,   632
   944,   135,   689
   945,   135,   689
   946,   126,   675
   947,   136,   684
   948,   118,   673
   949,   118,   673
   950,   147,   660
   951,   121,   604
   952,   143,   698
   953,   141,   686
   954,   141,   686
   955,   138,   669
   956,   130,   668
   957,   163,   656
   958,   163,   656
   959,   140,   702
   960,   140,   684
   961,   142,   675
   962,   127,   673
   963,   127,   673
   964,   146,   665
   965,   151,   657
   966,   127,   715
   967,   127,   715
   968,   137,   671
   969,   143,   666
   970,   131,   675
   971,   169,   669
   972,   169,   669
   973,   142,   675
   974,   135,   688
   975,   137,   679
   976,   137,   679
   977,   138,   676
   978,   126,   662
   979,   148,   639
   980,   136,   692
   981,   136,   692
   982,   134,   669
   983,   139,   676
   984,   134,   673
   985,   134,   673
   986,   114,   656
   987,   146,   645
   988,   136,   696
   989,   132,   679
   990,   132,   679
   991,   142,   677
   992,   142,   668
   993,   113,   663
   994,   113,   663
   995,   161,   651
   996,   138,   700
   997,   133,   673
   998,   133,   673
   999,   133,   673
  1000,   137,   663


NORTH #4:

     0,   136,   675
     1,   172,   684
     2,   153,   735
     3,   144,   689
     4,   144,   689
     5,   142,   683
     6,   143,   681
     7,   132,   678
     8,   165,   665
     9,   165,   665
    10,   143,   694
    11,   145,   694
    12,   146,   687
    13,   146,   687
    14,   142,   686
    15,   136,   687
    16,   140,   665
    17,   152,   727
    18,   152,   727
    19,   144,   692
    20,   147,   689
    21,   141,   687
    22,   141,   687
    23,   155,   671
    24,   148,   665
    25,   147,   690
    26,   142,   689
    27,   142,   689
    28,   151,   680
    29,   130,   673
    30,   131,   664
    31,   131,   664
    32,   143,   699
    33,   134,   693
    34,   141,   690
    35,   135,   681
    36,   135,   681
    37,   147,   649
    38,   142,   706
    39,   136,   691
    40,   136,   691
    41,   137,   684
    42,   132,   679
    43,   154,   659
    44,   140,   718
    45,   140,   718
    46,   147,   694
    47,   149,   694
    48,    75,   672
    49,    75,   672
    50,   102,   671
    51,    84,   631
    52,    98,   698
    53,    88,   677
    54,    88,   677
    55,    85,   674
    56,    80,   681
    57,    95,   652
    58,    95,   652
    59,    81,   708
    60,    90,   678
    61,    89,   670
    62,    93,   683
    63,    93,   683
    64,   113,   666
    65,    83,   640
    66,    82,   695
    67,    82,   695
    68,    89,   682
    69,    95,   677
    70,    79,   661
    71,    79,   661
    72,    92,   638
    73,    82,   691
    74,    86,   684
    75,    91,   676
    76,    91,   676
    77,    74,   664
    78,    97,   626
    79,    89,   669
    80,    89,   669
    81,    85,   671
    82,    89,   678
    83,    96,   651
    84,    98,   628
    85,    98,   628
    86,    83,   679
    87,    90,   673
    88,    93,   679
    89,    93,   679
    90,    65,   680
    91,    90,   646
    92,    86,   690
    93,    89,   668
    94,    89,   668
    95,    89,   681
    96,    69,   670
    97,   153,   663
    98,   153,   663
    99,   143,   639
   100,   150,   687
   101,   131,   669
   102,   129,   675
   103,   129,   675
   104,   128,   668
   105,   152,   659
   106,   132,   677
   107,   132,   677
   108,   137,   674
   109,   136,   679
   110,   144,   670
   111,   109,   663
   112,   109,   663
   113,   151,   646
   114,   138,   701
   115,   142,   665
   116,   142,   665
   117,   148,   675
   118,   126,   675
   119,   148,   648
   120,   146,   720
   121,   146,   720
   122,   139,   679
   123,   138,   680
   124,   129,   674
   125,   129,   674
   126,   147,   664
   127,   138,   649
   128,   148,   700
   129,   142,   665
   130,   142,   665
   131,   138,   676
   132,   133,   667
   133,   157,   643
   134,   157,   643
   135,   144,   685
   136,    65,   681
   137,   123,   702
   138,   121,   684
   139,   121,   684
   140,   106,   675
   141,   126,   665
   142,   123,   713
   143,   123,   713
   144,   125,   683
   145,   126,   685
   146,   119,   679
   147,   119,   679
   148,   120,   670
   149,   125,   722
   150,   123,   694
   151,   125,   702
   152,   125,   702
   153,   120,   674
   154,   154,   671
   155,   118,   629
   156,   118,   629
   157,   129,   687
   158,   132,   688
   159,   105,   681
   160,   123,   673
   161,   123,   673
   162,   119,   710
   163,   123,   703
   164,   121,   690
   165,   121,   690
   166,   119,   683
   167,   117,   675
   168,   118,   657
   169,   124,   716
   170,   124,   716
   171,   130,   693
   172,   128,   688
   173,   119,   678
   174,   119,   678
   175,   118,   668
   176,   109,   710
   177,   116,   679
   178,   127,   684
   179,   127,   684
   180,   114,   693
   181,    93,   677
   182,   124,   662
   183,   124,   662
   184,   123,   705
   185,   119,   696
   186,   121,   688
   187,   121,   679
   188,   121,   679
   189,   135,   660
   190,   122,   709
   191,   125,   689
   192,   125,   689
   193,   123,   696
   194,   114,   683
   195,   145,   684
   196,   115,   675
   197,   115,   675
   198,   125,   709
   199,   116,   683
   200,   123,   686
   201,   123,   686
   202,   114,   689
   203,   141,   680
   204,   128,   630
   205,   124,   692
   206,   124,   692
   207,   114,   692
   208,   119,   686
   209,   105,   684
   210,   105,   684
   211,   144,   652
   212,   135,   687
   213,   137,   668
   214,   131,   671
   215,   131,   671
   216,   139,   660
   217,   152,   643
   218,   149,   688
   219,   149,   688
   220,   146,   676
   221,   143,   671
   222,   128,   667
   223,   133,   645
   224,   133,   645
   225,   137,   679
   226,   137,   662
   227,   132,   666
   228,   132,   666
   229,   132,   662
   230,   150,   644
   231,   139,   688
   232,   139,   688
   233,   129,   660
   234,   138,   671
   235,   132,   665
   236,   160,   651
   237,   160,   651
   238,   149,   647
   239,   134,   681
   240,   134,   677
   241,   134,   677
   242,   136,   676
   243,   120,   658
   244,   148,   638
   245,   134,   690
   246,   134,   690
   247,    87,   663
   248,    84,   680
   249,    73,   672
   250,    73,   672
   251,    91,   658
   252,    95,   734
   253,    86,   677
   254,    82,   671
   255,    82,   671
   256,    84,   676
   257,    99,   666
   258,    88,   716
   259,    88,   716
   260,    89,   683
   261,    76,   680
   262,    74,   684
   263,    94,   673
   264,    94,   673
   265,    89,   689
   266,    97,   672
   267,    88,   677
   268,    88,   677
   269,    79,   677
   270,    55,   668
   271,    88,   637
   272,   101,   688
   273,   101,   688
   274,   101,   678
   275,    81,   683
   276,    66,   675
   277,    66,   675
   278,    96,   665
   279,    91,   698
   280,    93,   682
   281,    87,   691
   282,    87,   691
   283,    87,   684
   284,    68,   677
   285,    95,   663
   286,    95,   663
   287,    89,   654
   288,    89,   704
   289,    87,   674
   290,    92,   680
   291,    92,   680
   292,    84,   680
   293,    76,   678
   294,   109,   663
   295,   109,   663
   296,    88,   650
   297,    96,   696
   298,    73,   684
   299,    75,   685
   300,    75,   685
   301,    76,   677
   302,    71,   674
   303,    98,   663
   304,    98,   663
   305,    84,   723
   306,   140,   676
   307,   132,   670
   308,   132,   670
   309,   129,   677
   310,   128,   655
   311,   142,   640
   312,   140,   695
   313,   140,   695
   314,   139,   669
   315,   134,   665
   316,   143,   674
   317,   143,   674
   318,   131,   676
   319,   154,   661
   320,   132,   653
   321,   132,   701
   322,   132,   701
   323,   133,   684
   324,   131,   670
   325,   138,   671
   326,   138,   671
   327,   129,   677
   328,   104,   670
   329,   161,   652
   330,   141,   681
   331,   141,   681
   332,   139,   692
   333,   137,   679
   334,   133,   673
   335,   133,   673
   336,   128,   669
   337,   156,   659
   338,   137,   640
   339,   133,   703
   340,   133,   703
   341,   137,   671
   342,   134,   669
   343,   128,   673
   344,   128,   673
   345,   116,   671
   346,   149,   650
   347,   136,   705
   348,   134,   675
   349,   134,   675
   350,   148,   682
   351,   130,   676
   352,   113,   660
   353,   113,   660
   354,   163,   647
   355,   128,   712
   356,   132,   677
   357,   131,   674
   358,   131,   674
   359,   132,   677
   360,   130,   670
   361,   143,   659
   362,   143,   659
   363,   135,   642
   364,   136,   673
   365,   125,   669
   366,   130,   671
   367,   130,   671
   368,   126,   658
   369,   152,   653
   370,   133,   710
   371,   133,   710
   372,   141,   685
   373,   136,   673
   374,   139,   661
   375,   139,   661
   376,   139,   661
   377,   146,   662
   378,   132,   689
   379,   143,   667
   380,   143,   667
   381,   140,   674
   382,   142,   670
   383,   135,   657
   384,   135,   657
   385,   148,   652
   386,   126,   641
   387,   146,   682
   388,   136,   678
   389,   136,   678
   390,   125,   673
   391,   131,   663
   392,   150,   643
   393,   150,   643
   394,   137,   699
   395,   137,   667
   396,   129,   680
   397,   139,   663
   398,   139,   663
   399,   142,   665
   400,   127,   646
   401,   142,   664
   402,   142,   664
   403,   132,   686
   404,   132,   666
   405,   118,   674
   406,   142,   630
   407,   142,   630
   408,   136,   688
   409,   135,   665
   410,   134,   674
   411,   134,   674
   412,   136,   670
   413,   170,   649
   414,   138,   610
   415,   136,   689
   416,   136,   689
   417,   122,   667
   418,   143,   668
   419,   124,   673
   420,   124,   673
   421,   154,   670
   422,   140,   651
   423,   138,   692
   424,   135,   670
   425,   135,   670
   426,   137,   676
   427,   138,   671
   428,   122,   662
   429,   122,   662
   430,   156,   649
   431,   137,   632
   432,   129,   697
   433,   140,   672
   434,   140,   672
   435,   144,   670
   436,   133,   662
   437,   129,   665
   438,   129,   665
   439,   146,   648
   440,   121,   666
   441,   127,   684
   442,   134,   676
   443,   134,   676
   444,   138,   668
   445,   137,   677
   446,   139,   665
   447,   139,   665
   448,   145,   657
   449,   137,   735
   450,   128,   680
   451,   128,   680
   452,   138,   679
   453,   138,   668
   454,   129,   659
   455,   168,   664
   456,   168,   664
   457,   135,   632
   458,   141,   687
   459,   133,   669
   460,   133,   669
   461,   137,   673
   462,   125,   668
   463,   168,   652
   464,   137,   690
   465,   137,   690
   466,   138,   681
   467,   141,   679
   468,   138,   666
   469,   138,   666
   470,   129,   669
   471,   150,   660
   472,   139,   621
   473,   141,   686
   474,   141,   686
   475,   139,   672
   476,   139,   672
   477,   129,   660
   478,   129,   660
   479,   138,   664
   480,   153,   642
   481,   140,   695
   482,   126,   667
   483,   126,   667
   484,   124,   664
   485,    85,   657
   486,    86,   659
   487,    86,   659
   488,    88,   643
   489,    88,   666
   490,    94,   664
   491,    91,   652
   492,    91,   652
   493,    77,   654
   494,   111,   648
   495,    97,   656
   496,    97,   656
   497,    90,   667
   498,    94,   659
   499,    81,   662
   500,    71,   662
   501,    71,   662
   502,   112,   644
   503,    95,   677
   504,    88,   679
   505,    88,   679
   506,    93,   669
   507,    89,   660
   508,    85,   654
   509,    89,   656
   510,    89,   656
   511,   107,   632
   512,    93,   702
   513,    92,   668
   514,    92,   668
   515,    88,   671
   516,    85,   659
   517,    75,   664
   518,   101,   653
   519,   101,   653
   520,    96,   696
   521,    82,   666
   522,    92,   668
   523,    92,   668
   524,    82,   658
   525,    86,   647
   526,   107,   656
   527,   107,   656
   528,    97,   702
   529,    86,   661
   530,    89,   657
   531,    85,   653
   532,    85,   653
   533,    83,   659
   534,   109,   643
   535,    87,   624
   536,    87,   624
   537,    91,   679
   538,   101,   669
   539,    91,   660
   540,    94,   660
   541,    94,   660
   542,    87,   652
   543,   105,   652
   544,    84,   695
   545,    84,   695
   546,    85,   672
   547,    87,   656
   548,    90,   667
   549,    86,   663
   550,    86,   663
   551,    70,   668
   552,   102,   651
   553,    89,   670
   554,    89,   670
   555,    98,   678
   556,    89,   669
   557,    81,   659
   558,    93,   665
   559,    93,   665
   560,    85,   654
   561,   104,   635
   562,    90,   687
   563,    90,   687
   564,    88,   669
   565,    96,   668
   566,    94,   665
   567,    94,   659
   568,    94,   659
   569,   105,   657
   570,    84,   620
   571,    91,   685
   572,    91,   685
   573,    92,   662
   574,    93,   679
   575,    84,   667
   576,    81,   660
   577,    81,   660
   578,   104,   659
   579,    94,   641
   580,    96,   680
   581,    96,   680
   582,    93,   660
   583,    94,   669
   584,    88,   659
   585,    72,   661
   586,    72,   661
   587,   100,   630
   588,    98,   702
   589,    95,   665
   590,    95,   665
   591,    94,   666
   592,    98,   669
   593,    66,   660
   594,    66,   660
   595,    87,   636
   596,    94,   722
   597,    83,   677
   598,    83,   663
   599,    83,   663
   600,    91,   671
   601,   108,   672
   602,   139,   633
   603,   139,   633
   604,   138,   705
   605,   148,   675
   606,   135,   662
   607,   140,   661
   608,   140,   661
   609,   126,   662
   610,   147,   643
   611,   136,   693
   612,   136,   693
   613,   136,   679
   614,   138,   672
   615,   139,   673
   616,   126,   674
   617,   126,   674
   618,   144,   666
   619,   136,   678
   620,   134,   676
   621,   134,   676
   622,   144,   683
   623,   138,   672
   624,   124,   666
   625,   163,   662
   626,   163,   662
   627,   146,   645
   628,   137,   688
   629,   141,   673
   630,   141,   673
   631,   149,   667
   632,   131,   662
   633,   120,   658
   634,   156,   650
   635,   156,   650
   636,   134,   641
   637,   138,   687
   638,   139,   682
   639,   139,   682
   640,   139,   685
   641,   126,   670
   642,   139,   665
   643,   140,   646
   644,   140,   646
   645,   144,   692
   646,   140,   662
   647,   141,   669
   648,   141,   669
   649,   141,   672
   650,   130,   668
   651,   149,   660
   652,   145,   644
   653,   145,   644
   654,   142,   679
   655,   143,   673
   656,   146,   679
   657,   146,   679
   658,   132,   671
   659,   138,   660
   660,   152,   639
   661,   152,   639
   662,   137,   709
   663,   125,   683
   664,   127,   697
   665,   123,   688
   666,   123,   688
   667,   116,   677
   668,   134,   677
   669,   125,   637
   670,   125,   637
   671,   127,   716
   672,   136,   688
   673,   122,   680
   674,   121,   678
   675,   121,   678
   676,   122,   676
   677,   148,   663
   678,   132,   719
   679,   132,   719
   680,   134,   685
   681,   119,   688
   682,   119,   685
   683,   102,   673
   684,   102,   673
   685,   101,   676
   686,   138,   662
   687,   125,   735
   688,   125,   735
   689,   131,   680
   690,   126,   689
   691,   120,   688
   692,   125,   681
   693,   125,   681
   694,   130,   670
   695,   130,   666
   696,   126,   707
   697,   126,   707
   698,   127,   682
   699,   146,   678
   700,   136,   668
   701,   133,   666
   702,   133,   666
   703,   138,   670
   704,   124,   668
   705,   142,   651
   706,   142,   651
   707,   149,   693
   708,   137,   674
   709,   136,   681
   710,   147,   673
   711,   147,   673
   712,   142,   668
   713,   170,   652
   714,   128,   634
   715,   128,   634
   716,   132,   718
   717,   133,   669
   718,   131,   673
   719,   141,   671
   720,   141,   671
   721,   138,   673
   722,   121,   678
   723,   161,   669
   724,   161,   669
   725,   134,   674
   726,   138,   687
   727,   143,   664
   728,   143,   664
   729,   143,   664
   730,   135,   672
   731,   128,   667
   732,   149,   664
   733,   149,   664
   734,   134,   674
   735,   150,   691
   736,   149,   673
   737,   149,   673
   738,   140,   674
   739,   138,   670
   740,   163,   659
   741,   154,   643
   742,   154,   643
   743,   138,   704
   744,   136,   674
   745,   140,   676
   746,   140,   676
   747,   138,   668
   748,   124,   677
   749,   169,   671
   750,   139,   652
   751,   139,   652
   752,   136,   697
   753,   136,   673
   754,   138,   679
   755,   138,   679
   756,   131,   663
   757,   118,   661
   758,   143,   654
   759,    93,   700
   760,    93,   700
   761,    98,   679
   762,    95,   688
   763,    90,   679
   764,    90,   679
   765,    96,   676
   766,   106,   664
   767,   107,   657
   768,   101,   685
   769,   101,   685
   770,   136,   689
   771,   141,   679
   772,   124,   661
   773,   124,   661
   774,   144,   654
   775,   136,   627
   776,   145,   665
   777,   142,   659
   778,   142,   659
   779,   129,   662
   780,   121,   664
   781,   157,   658
   782,   157,   658
   783,   150,   647
   784,   148,   721
   785,    87,   665
   786,   137,   660
   787,   137,   660
   788,   146,   666
   789,   117,   668
   790,   174,   662
   791,   174,   662
   792,    83,   629
   793,   101,   692
   794,    89,   669
   795,    96,   667
   796,    96,   667
   797,    86,   665
   798,   105,   652
   799,   107,   655
   800,   107,   655
   801,    90,   691
   802,    94,   673
   803,   138,   689
   804,   138,   689
   805,   127,   687
   806,   101,   676
   807,   128,   648
   808,   112,   702
   809,   112,   702
   810,   119,   688
   811,   116,   690
   812,   116,   690
   813,   116,   690
   814,   147,   669
   815,   126,   660
   816,   123,   677
   817,   128,   689
   818,   128,   689
   819,   123,   673
   820,   111,   676
   821,   126,   674
   822,   126,   674
   823,   123,   682
   824,   132,   689
   825,   118,   680
   826,   105,   693
   827,   105,   693
   828,   102,   681
   829,   104,   670
   830,   127,   661
   831,   127,   661
   832,   121,   705
   833,   122,   694
   834,   123,   686
   835,   127,   684
   836,   127,   684
   837,   111,   676
   838,   141,   659
   839,   120,   710
   840,   120,   710
   841,   102,   681
   842,   102,   684
   843,    98,   674
   844,   104,   679
   845,   104,   679
   846,   120,   663
   847,   105,   652
   848,    92,   712
   849,    92,   712
   850,    99,   684
   851,    99,   689
   852,   103,   688
   853,    83,   667
   854,    83,   667
   855,   113,   672
   856,   107,   712
   857,   103,   680
   858,   103,   680
   859,    85,   684
   860,   126,   672
   861,   121,   667
   862,   130,   646
   863,   130,   646
   864,   138,   711
   865,   135,   676
   866,   131,   671
   867,   131,   671
   868,   127,   671
   869,    95,   671
   870,   139,   643
   871,   139,   643
   872,   128,   721
   873,   131,   689
   874,   134,   684
   875,   129,   683
   876,   129,   683
   877,   128,   675
   878,   153,   652
   879,   138,   713
   880,   138,   713
   881,   137,   681
   882,   131,   672
   883,   138,   674
   884,   110,   661
   885,   110,   661
   886,   139,   637
   887,   137,   690
   888,   144,   728
   889,   144,   728
   890,   129,   682
   891,   126,   677
   892,   141,   676
   893,   131,   647
   894,   131,   647
   895,   127,   693
   896,   124,   678
   897,   137,   681
   898,   137,   681
   899,   124,   675
   900,   109,   678
   901,   142,   651
   902,   128,   721
   903,   128,   721
   904,   138,   669
   905,   131,   677
   906,   140,   674
   907,   140,   674
   908,   119,   666
   909,   142,   662
   910,   122,   672
   911,   132,   690
   912,   132,   690
   913,   142,   694
   914,   130,   686
   915,   128,   672
   916,   128,   672
   917,   149,   674
   918,   129,   625
   919,   131,   697
   920,   132,   672
   921,   132,   672
   922,   128,   680
   923,   123,   669
   924,   138,   653
   925,   138,   653
   926,   128,   705
   927,   127,   677
   928,   129,   674
   929,   126,   677
   930,   126,   677
   931,   169,   673
   932,   122,   651
   933,   122,   700
   934,   122,   700
   935,   132,   683
   936,   130,   677
   937,   112,   674
   938,   156,   668
   939,   156,   668
   940,   140,   671
   941,   133,   694
   942,   130,   677
   943,   130,   677
   944,   116,   676
   945,   119,   671
   946,   151,   659
   947,   151,   659
   948,   130,   675
   949,   137,   694
   950,   124,   672
   951,    81,   664
   952,    81,   664
   953,   117,   662
   954,   148,   675
   955,   127,   647
   956,   127,   647
   957,   130,   698
   958,   135,   689
   959,   124,   660
   960,   107,   683
   961,   107,   683
   962,   145,   664
   963,   117,   643
   964,   116,   708
   965,   116,   708
   966,   117,   681
   967,   117,   679
   968,   118,   690
   969,    97,   683
   970,    97,   683
   971,   127,   672
   972,   126,   704
   973,   124,   695
   974,   124,   695
   975,   124,   689
   976,   115,   686
   977,    75,   681
   978,    84,   660
   979,    84,   660
   980,   105,   632
   981,   108,   704
   982,   107,   671
   983,   107,   671
   984,   102,   668
   985,    91,   672
   986,    76,   661
   987,   116,   651
   988,   116,   651
   989,    93,   636
   990,   101,   697
   991,    95,   683
   992,    95,   683
   993,    91,   671
   994,    87,   677
   995,    81,   656
   996,   103,   654
   997,   103,   654
   998,    94,   708
   999,    95,   677
  1000,   101,   675

